weather.temperature,direkt_horizontal_W_m2,diffuse_horizontal_W_m2,global_horizontal_W_m2
2.2,0,0,0
2.2,0,0,0
2.4,0,0,0
2.4,0,0,0
2.6,0,0,0
2.1,0,0,0
2.1,0,0,0
1.9,0,0,0
2.3,0,0,0
2.6,7,29,36
2.8,61,45,106
2.6,48,75,123
2.2,42,84,126
2.2,48,73,121
2.1,0,42,42
1.8,0,6,6
1.5,0,0,0
0.8,0,0,0
0.1,0,0,0
0.8,0,0,0
1.1,0,0,0
1.1,0,0,0
0.9,0,0,0
0.8,0,0,0
1.1,0,0,0
1,0,0,0
1.1,0,0,0
0.5,0,0,0
-0.1,0,0,0
-0.5,0,0,0
-0.7,0,0,0
-0.2,0,0,0
0.3,0,0,0
0.6,2,29,31
1.2,17,57,74
1.8,8,75,83
1.4,19,86,105
1.7,51,69,120
1.2,25,53,78
0.8,2,19,21
-0.4,0,0,0
-0.1,0,0,0
-1.4,0,0,0
-1.1,0,0,0
-1.6,0,0,0
-2.8,0,0,0
-2.6,0,0,0
-3.8,0,0,0
-5.1,0,0,0
-4.6,0,0,0
-5,0,0,0
-5.5,0,0,0
-5.5,0,0,0
-5.5,0,0,0
-7.4,0,0,0
-7.3,0,0,0
-5.3,0,0,0
-3,26,27,53
-1.8,104,31,135
-0.3,68,74,142
0.2,96,71,167
0,44,79,123
-0.4,6,55,61
-0.5,0,6,6
-0.9,0,0,0
-1,0,0,0
-0.7,0,0,0
-0.6,0,0,0
-0.2,0,0,0
0,0,0,0
0.2,0,0,0
0.3,0,0,0
0.2,0,0,0
0.3,0,0,0
0.3,0,0,0
0.5,0,0,0
0.1,0,0,0
0.2,0,0,0
0.4,0,0,0
0,0,0,0
0,0,0,0
0.1,1,33,34
0.3,0,36,36
0.5,0,27,27
0.6,0,32,32
0.6,0,33,33
0.5,0,37,37
0.6,0,13,13
0.2,0,0,0
0.2,0,0,0
0.3,0,0,0
0.1,0,0,0
0.1,0,0,0
0,0,0,0
-0.4,0,0,0
-0.6,0,0,0
-0.8,0,0,0
-1.1,0,0,0
-1.5,0,0,0
-1.7,0,0,0
-2,0,0,0
-2.2,0,0,0
-2.6,0,0,0
-2.7,0,0,0
-2.8,0,0,0
-2.7,0,21,21
-2.5,0,46,46
-2.1,8,74,82
-2,8,81,89
-1.7,24,72,96
-2.1,5,48,53
-2.5,16,18,34
-2.4,0,0,0
-2.9,0,0,0
-3.5,0,0,0
-3.8,0,0,0
-4,0,0,0
-4.2,0,0,0
-4.2,0,0,0
-3.4,0,0,0
-3.4,0,0,0
-2.5,0,0,0
-1.2,0,0,0
-0.4,0,0,0
0.4,0,0,0
1.1,0,0,0
1.6,0,0,0
1.8,0,0,0
1.9,0,1,1
1.7,0,15,15
1.9,0,48,48
1.9,0,68,68
1.9,0,60,60
2,0,57,57
2.3,0,47,47
2,3,19,22
1.7,0,0,0
1.9,0,0,0
1.8,0,0,0
1.3,0,0,0
1.2,0,0,0
1.3,0,0,0
0.8,0,0,0
0.7,0,0,0
1,0,0,0
1.3,0,0,0
1.4,0,0,0
1,0,0,0
0.6,0,0,0
0,0,0,0
-0.5,0,0,0
-0.8,0,0,0
-0.7,0,1,1
0.3,0,13,13
0.5,0,22,22
0.4,0,49,49
0.5,42,94,136
0.9,27,86,113
0.6,1,51,52
0.8,0,13,13
1,0,0,0
1.4,0,0,0
1.5,0,0,0
1.6,0,0,0
1.6,0,0,0
2,0,0,0
2.2,0,0,0
2.1,0,0,0
3,0,0,0
3.6,0,0,0
4,0,0,0
4.5,0,0,0
4.8,0,0,0
4.5,0,0,0
4.8,0,0,0
5.2,0,0,0
5.7,0,2,2
5.8,6,33,39
7.2,58,64,122
7.7,56,91,147
8.5,17,99,116
8.3,2,72,74
8.7,6,57,63
8.8,0,10,10
8.7,0,0,0
8.2,0,0,0
6.4,0,0,0
5.3,0,0,0
4.4,0,0,0
2.9,0,0,0
2.6,0,0,0
2.6,0,0,0
2.5,0,0,0
1.8,0,0,0
1.8,0,0,0
1.7,0,0,0
1.8,0,0,0
1.5,0,0,0
1.1,0,0,0
1.3,0,0,0
1.6,0,5,5
2.5,21,30,51
3,20,64,84
3.2,78,74,152
3.1,16,94,110
3.2,18,85,103
2.8,40,57,97
3,0,20,20
2.9,0,0,0
2.4,0,0,0
2.3,0,0,0
2.1,0,0,0
2.1,0,0,0
1.9,0,0,0
2,0,0,0
2,0,0,0
2,0,0,0
1.6,0,0,0
1.3,0,0,0
1.3,0,0,0
0.9,0,0,0
0.6,0,0,0
0,0,0,0
-0.1,0,0,0
0.5,0,0,0
0.4,0,17,17
0.4,0,46,46
0.5,0,66,66
0.7,0,61,61
0.9,0,41,41
0.6,0,39,39
0.7,20,14,34
0.4,0,0,0
0.4,0,0,0
0.4,0,0,0
0.4,0,0,0
0.2,0,0,0
0,0,0,0
-0.3,0,0,0
-0.9,0,0,0
-1.3,0,0,0
-1.4,0,0,0
-1.9,0,0,0
-2.1,0,0,0
-2.2,0,0,0
-2.5,0,0,0
-2.5,0,0,0
-2.2,0,0,0
-1.8,0,0,0
-1.4,0,16,16
-1.3,13,70,83
-0.7,19,93,112
-0.1,40,101,141
0.2,57,92,149
0.6,27,69,96
0.7,0,14,14
0.6,0,0,0
0.9,0,0,0
1.2,0,0,0
1.6,0,0,0
2.1,0,0,0
1.8,0,0,0
2,0,0,0
2.3,0,0,0
2.3,0,0,0
2.3,0,0,0
1.6,0,0,0
1.8,0,0,0
2.3,0,0,0
2.2,0,0,0
2,0,0,0
2.7,0,0,0
2.4,0,2,2
2.5,0,32,32
2.7,6,70,76
2.5,0,58,58
2.4,0,47,47
2.6,0,50,50
2.2,2,61,63
1.9,2,31,33
2,0,0,0
2.1,0,0,0
1.9,0,0,0
2.2,0,0,0
2.2,0,0,0
2.7,0,0,0
2.6,0,0,0
2.9,0,0,0
2.8,0,0,0
2.5,0,0,0
2.4,0,0,0
2.3,0,0,0
2.5,0,0,0
2.6,0,0,0
2.4,0,0,0
2.4,0,0,0
2.7,0,0,0
3.4,0,20,20
3.9,1,61,62
4.1,2,84,86
4.1,0,72,72
3.6,0,45,45
4,0,40,40
4.3,0,12,12
4.2,0,0,0
4.5,0,0,0
4.4,0,0,0
4.6,0,0,0
4.8,0,0,0
5.1,0,0,0
4.9,0,0,0
5.8,0,0,0
5.9,0,0,0
6,0,0,0
5.6,0,0,0
5.4,0,0,0
6.1,0,0,0
5.3,0,0,0
5.2,0,0,0
6.5,0,0,0
6.5,0,1,1
7.6,0,16,16
7.2,0,35,35
7.5,0,44,44
8,0,50,50
6.3,0,38,38
6.5,0,37,37
7.2,0,7,7
6.9,0,0,0
7.2,0,0,0
6.9,0,0,0
6.9,0,0,0
6.3,0,0,0
5.9,0,0,0
5.5,0,0,0
5.2,0,0,0
5.4,0,0,0
4.9,0,0,0
5.1,0,0,0
4.8,0,0,0
4,0,0,0
4.2,0,0,0
3.8,0,0,0
3.7,0,0,0
4.5,0,2,2
4.9,0,33,33
5.6,4,67,71
5.9,1,78,79
6.6,1,81,82
7.2,0,62,62
7.7,1,56,57
7.4,0,21,21
7.6,0,0,0
7.2,0,0,0
7.2,0,0,0
7.2,0,0,0
7.2,0,0,0
7.6,0,0,0
8.1,0,0,0
8.4,0,0,0
8,0,0,0
8.3,0,0,0
8.1,0,0,0
7.8,0,0,0
7.2,0,0,0
7.5,0,0,0
7.7,0,0,0
8.1,0,0,0
8,0,2,2
8,0,25,25
8.7,0,39,39
8.3,0,46,46
8.8,0,73,73
9.5,0,60,60
9,20,77,97
9.6,29,37,66
8.7,0,0,0
8.2,0,0,0
8.3,0,0,0
8.7,0,0,0
8.7,0,0,0
8.7,0,0,0
9,0,0,0
8.5,0,0,0
8.4,0,0,0
8.1,0,0,0
7.6,0,0,0
7.9,0,0,0
7.8,0,0,0
7.4,0,0,0
7.6,0,0,0
7.1,0,0,0
6.9,0,1,1
7,0,13,13
7.2,0,34,34
7.4,0,60,60
7.4,0,50,50
7.2,0,34,34
7.3,0,24,24
7.4,0,12,12
7.3,0,0,0
7.4,0,0,0
7.6,0,0,0
7.6,0,0,0
7.5,0,0,0
7.7,0,0,0
7.8,0,0,0
6.2,0,0,0
4.7,0,0,0
3.3,0,0,0
2.9,0,0,0
2.8,0,0,0
2.1,0,0,0
1.9,0,0,0
2.9,0,0,0
3.3,0,0,0
3.7,0,6,6
3.8,0,34,34
4.1,2,70,72
4.2,1,86,87
4,3,98,101
4.1,0,78,78
4.1,0,60,60
4,0,33,33
3.5,0,0,0
3.6,0,0,0
3.5,0,0,0
3.3,0,0,0
2.5,0,0,0
3,0,0,0
2.8,0,0,0
2,0,0,0
2,0,0,0
2,0,0,0
2.2,0,0,0
2.8,0,0,0
2.2,0,0,0
2.3,0,0,0
2.4,0,0,0
2.6,0,0,0
2.9,0,7,7
3.4,25,39,64
3.5,21,73,94
3.7,32,96,128
3.8,38,102,140
4.2,30,94,124
3.7,5,65,70
2.1,11,36,47
1.6,0,0,0
0.8,0,0,0
0.7,0,0,0
0.3,0,0,0
0.1,0,0,0
0.4,0,0,0
0.5,0,0,0
0.2,0,0,0
0.3,0,0,0
-0.2,0,0,0
-0.4,0,0,0
-1.1,0,0,0
-0.8,0,0,0
-0.6,0,0,0
-0.6,0,0,0
-0.7,0,0,0
-0.8,0,4,4
-0.6,0,35,35
-0.5,16,68,84
-0.8,16,91,107
-1,14,95,109
-1.2,4,82,86
-1.4,0,57,57
-1.8,0,20,20
-2.4,0,0,0
-2.3,0,0,0
-2.9,0,0,0
-2.3,0,0,0
-2.7,0,0,0
-2.8,0,0,0
-2.4,0,0,0
-2.5,0,0,0
-2,0,0,0
-1.7,0,0,0
-1.3,0,0,0
-1.6,0,0,0
-1.2,0,0,0
-1.3,0,0,0
-0.6,0,0,0
-0.6,0,0,0
-0.2,0,9,9
0.6,2,42,44
1.7,0,51,51
2.6,0,76,76
2.7,62,109,171
2,28,104,132
1.2,12,77,89
0.3,0,26,26
-0.2,0,1,1
-0.7,0,0,0
-1.1,0,0,0
-0.8,0,0,0
-0.6,0,0,0
-0.3,0,0,0
0.2,0,0,0
0.4,0,0,0
1.1,0,0,0
2.1,0,0,0
2.1,0,0,0
2.1,0,0,0
2.2,0,0,0
2.1,0,0,0
1.9,0,0,0
2.1,0,0,0
2.4,0,3,3
2.4,0,22,22
2.5,0,55,55
2.4,0,37,37
2.3,0,71,71
2.2,0,77,77
1.7,0,40,40
1.6,0,21,21
1.2,0,1,1
0.8,0,0,0
0.4,0,0,0
-0.3,0,0,0
-0.9,0,0,0
-0.8,0,0,0
-0.8,0,0,0
0.1,0,0,0
1.6,0,0,0
2.1,0,0,0
2.4,0,0,0
2.6,0,0,0
2.3,0,0,0
2.2,0,0,0
1.9,0,0,0
1.7,0,0,0
1.6,0,6,6
1.7,0,38,38
1.8,0,48,48
1.9,0,86,86
1.8,6,123,129
2,16,131,147
2.1,9,95,104
1.4,0,30,30
1.2,0,1,1
0.1,0,0,0
0.1,0,0,0
-0.8,0,0,0
-0.4,0,0,0
-0.5,0,0,0
-0.5,0,0,0
-0.5,0,0,0
-0.6,0,0,0
-0.4,0,0,0
-0.4,0,0,0
-0.3,0,0,0
-0.1,0,0,0
0.4,0,0,0
1.5,0,0,0
1.9,0,0,0
2.4,0,6,6
3.4,0,32,32
4.2,0,57,57
4.5,0,74,74
4.5,0,88,88
4.1,0,69,69
4.1,0,56,56
3.8,0,33,33
3.7,0,1,1
3.8,0,0,0
3.9,0,0,0
4.2,0,0,0
4.1,0,0,0
4.1,0,0,0
4.2,0,0,0
4.3,0,0,0
4.2,0,0,0
4.1,0,0,0
4.1,0,0,0
3.8,0,0,0
3.6,0,0,0
2.8,0,0,0
2.5,0,0,0
2.3,0,0,0
2.5,0,8,8
3.1,14,58,72
3.7,40,101,141
3.6,17,120,137
3.7,2,109,111
3.4,0,89,89
3.4,0,51,51
2.7,0,20,20
2.5,0,2,2
2.3,0,0,0
1.8,0,0,0
1,0,0,0
1.4,0,0,0
1.1,0,0,0
0.8,0,0,0
0.8,0,0,0
0.7,0,0,0
0.6,0,0,0
0.4,0,0,0
0.3,0,0,0
0.3,0,0,0
0.4,0,0,0
0,0,0,0
0.2,0,0,0
0.2,0,1,1
-0.1,0,23,23
0.1,1,70,71
-0.1,0,73,73
0,0,53,53
-0.1,0,74,74
0,0,45,45
-0.2,0,19,19
-0.1,0,2,2
-0.3,0,0,0
-0.8,0,0,0
-1.1,0,0,0
-1.6,0,0,0
-2.3,0,0,0
-3.2,0,0,0
-3.5,0,0,0
-3.5,0,0,0
-3.6,0,0,0
-3.9,0,0,0
-4,0,0,0
-4,0,0,0
-4.7,0,0,0
-4.7,0,0,0
-5.2,0,0,0
-3.4,4,12,16
-2.4,40,45,85
-1.9,64,79,143
-1.7,113,93,206
-1.4,85,114,199
-1.4,101,100,201
-1.5,146,47,193
-2.4,73,29,102
-3.5,0,2,2
-4.1,0,0,0
-5.4,0,0,0
-5.6,0,0,0
-6,0,0,0
-5.6,0,0,0
-6.6,0,0,0
-6.7,0,0,0
-6.6,0,0,0
-6.4,0,0,0
-6.9,0,0,0
-6.8,0,0,0
-7.5,0,0,0
-7.5,0,0,0
-7.2,0,0,0
-7.2,0,0,0
-5.2,1,13,14
-2.8,42,52,94
-1.4,137,61,198
-0.7,198,65,263
-0.1,226,63,289
-0.1,207,63,270
-0.5,157,55,212
-1.1,59,43,102
-3,0,2,2
-3.6,0,0,0
-4.1,0,0,0
-4.6,0,0,0
-5,0,0,0
-5.3,0,0,0
-5.6,0,0,0
-5.9,0,0,0
-6,0,0,0
-5.8,0,0,0
-5.3,0,0,0
-4.8,0,0,0
-3.4,0,0,0
-3.5,0,0,0
-3,0,0,0
-2.6,0,0,0
-2.4,1,13,14
-1.2,16,73,89
-0.3,8,103,111
0.3,0,83,83
0.4,0,96,96
0.7,0,87,87
0.9,6,98,104
1.3,2,50,52
1,0,7,7
1.1,0,0,0
1.2,0,0,0
0.9,0,0,0
0.8,0,0,0
0.9,0,0,0
1.6,0,0,0
1.2,0,0,0
1,0,0,0
0.9,0,0,0
0.8,0,0,0
0.8,0,0,0
1.2,0,0,0
1.5,0,0,0
1.3,0,0,0
1.7,0,0,0
2.2,0,7,7
3.2,1,47,48
3.7,5,87,92
4.9,37,143,180
4.5,100,147,247
3.7,8,111,119
3.7,0,55,55
3.4,0,27,27
3.3,0,3,3
3,0,0,0
2.7,0,0,0
2.5,0,0,0
2.2,0,0,0
2,0,0,0
1.9,0,0,0
1.7,0,0,0
1.7,0,0,0
1.6,0,0,0
1.4,0,0,0
1.1,0,0,0
1.1,0,0,0
0.8,0,0,0
0.8,0,0,0
0.8,0,0,0
1.4,0,6,6
2,0,40,40
2.1,17,87,104
2.3,40,117,157
2.2,37,127,164
2.2,0,85,85
1.9,0,54,54
2,0,30,30
2,0,2,2
2,0,0,0
1.8,0,0,0
2,0,0,0
1.9,0,0,0
1.6,0,0,0
1.5,0,0,0
1.3,0,0,0
1.5,0,0,0
1.2,0,0,0
1.1,0,0,0
0.9,0,0,0
1,0,0,0
1.2,0,0,0
1.4,0,0,0
1.5,0,0,0
1.7,0,4,4
1.8,0,38,38
1.9,0,54,54
1.9,0,62,62
1.8,0,69,69
1.8,0,62,62
1.4,0,55,55
1.3,0,32,32
1,0,4,4
1.1,0,0,0
1.4,0,0,0
1.3,0,0,0
1.1,0,0,0
1.3,0,0,0
1.5,0,0,0
1.2,0,0,0
1.4,0,0,0
1.3,0,0,0
1.3,0,0,0
1.1,0,0,0
1.2,0,0,0
1.5,0,0,0
1.4,0,0,0
1.4,0,0,0
1.5,0,10,10
1.8,0,52,52
2,0,58,58
2.1,0,57,57
2.1,0,59,59
2.2,0,50,50
2.2,0,47,47
2.1,0,29,29
2.1,0,5,5
2,0,0,0
2.1,0,0,0
2.1,0,0,0
2,0,0,0
2,0,0,0
2,0,0,0
2.5,0,0,0
2.4,0,0,0
2.6,0,0,0
2.7,0,0,0
2.6,0,0,0
2.6,0,0,0
2.6,0,0,0
2.7,0,0,0
2,0,0,0
2.3,0,4,4
2.9,0,54,54
3.4,107,96,203
4,187,94,281
3.9,106,142,248
3,25,134,159
3.1,34,112,146
1.5,24,74,98
0.2,0,18,18
0.1,0,0,0
-0.3,0,0,0
-0.2,0,0,0
-0.3,0,0,0
-0.5,0,0,0
-0.3,0,0,0
-0.4,0,0,0
-0.1,0,0,0
0,0,0,0
0.5,0,0,0
0.9,0,0,0
0.5,0,0,0
0.2,0,0,0
0.1,0,0,0
0,0,0,0
0.3,0,13,13
0.8,1,56,57
0.9,5,92,97
1,0,84,84
1,0,59,59
0.9,4,108,112
0.3,85,101,186
-0.6,40,69,109
-1.3,8,24,32
-1.6,0,0,0
-1.6,0,0,0
-1.7,0,0,0
-1.9,0,0,0
-2.5,0,0,0
-2.5,0,0,0
-2.5,0,0,0
-2.1,0,0,0
-2.3,0,0,0
-2.6,0,0,0
-2.6,0,0,0
-2.6,0,0,0
-3,0,0,0
-3,0,0,0
-2.7,0,0,0
-2.4,0,19,19
-1.8,4,71,75
-1.5,5,106,111
-0.4,42,162,204
-0.1,118,180,298
0.4,117,167,284
0.2,79,139,218
0,24,88,112
-0.6,0,9,9
-0.7,0,0,0
-1,0,0,0
-1.9,0,0,0
-2.3,0,0,0
-1.7,0,0,0
-1.8,0,0,0
-1.4,0,0,0
-1.3,0,0,0
-1.3,0,0,0
-1.4,0,0,0
-1.5,0,0,0
-2.1,0,0,0
-1.7,0,0,0
-1.7,0,0,0
-1.8,0,0,0
-1.4,0,15,15
-1.1,0,24,24
-0.6,0,34,34
0.1,0,54,54
0.6,0,66,66
1.2,0,46,46
1.3,0,33,33
1.7,0,23,23
2.5,0,6,6
2.9,0,0,0
3.4,0,0,0
3.6,0,0,0
3.7,0,0,0
3.6,0,0,0
3.5,0,0,0
3.8,0,0,0
4,0,0,0
4.3,0,0,0
4.5,0,0,0
4.9,0,0,0
4.8,0,0,0
4.7,0,0,0
4.8,0,0,0
5.1,0,0,0
5,0,13,13
5.3,0,59,59
5.4,0,59,59
5.5,0,52,52
5.4,0,75,75
5.7,0,98,98
5.4,6,103,109
5.1,5,71,76
4.8,0,20,20
4.6,0,0,0
4.6,0,0,0
4.5,0,0,0
4.3,0,0,0
4.3,0,0,0
4.7,0,0,0
4.6,0,0,0
4.6,0,0,0
4.4,0,0,0
4.3,0,0,0
4.4,0,0,0
4.3,0,0,0
4.2,0,0,0
4.2,0,0,0
4,0,0,0
4,9,34,43
4.8,51,91,142
5,89,135,224
5.1,50,162,212
5.1,8,138,146
4.6,17,141,158
3.9,2,98,100
3.2,10,79,89
3.4,0,24,24
3.3,0,0,0
3.3,0,0,0
3.3,0,0,0
3.2,0,0,0
3.1,0,0,0
3.3,0,0,0
3.2,0,0,0
3.1,0,0,0
3,0,0,0
2.4,0,0,0
2.3,0,0,0
2.1,0,0,0
1.5,0,0,0
1.5,0,0,0
1.5,0,0,0
1.8,0,15,15
2.3,0,52,52
1.7,11,117,128
1.9,0,89,89
2.4,0,66,66
2.8,0,61,61
2.9,0,53,53
2.6,0,37,37
2.2,0,23,23
1.7,0,0,0
1.4,0,0,0
1.3,0,0,0
1.3,0,0,0
1.2,0,0,0
1.2,0,0,0
1.3,0,0,0
1.3,0,0,0
1.4,0,0,0
1.3,0,0,0
1.4,0,0,0
1.4,0,0,0
1.5,0,0,0
1.5,0,0,0
1.4,0,0,0
1.6,4,24,28
2.1,2,58,60
2.3,0,60,60
2.7,0,64,64
2.5,0,57,57
2.5,0,44,44
2.4,0,67,67
2,4,62,66
1.8,0,24,24
1.5,0,0,0
1.3,0,0,0
1,0,0,0
0.8,0,0,0
1.5,0,0,0
2.4,0,0,0
3.4,0,0,0
4,0,0,0
4,0,0,0
3.2,0,0,0
3,0,0,0
1.9,0,0,0
1.9,0,0,0
2,0,0,0
1.8,0,0,0
2.1,0,22,22
2.2,0,58,58
3.3,3,99,102
3.6,88,145,233
3.7,130,145,275
2.9,0,87,87
3,0,63,63
2.5,0,51,51
1.8,0,14,14
0.1,0,2,2
-0.6,0,0,0
-1.3,0,0,0
-1.2,0,0,0
-1.4,0,0,0
-1.6,0,0,0
-2.1,0,0,0
-1.7,0,0,0
-1.6,0,0,0
-1.4,0,0,0
-1,0,0,0
-0.6,0,0,0
-0.6,0,0,0
-0.6,0,0,0
-0.2,0,0,0
0.7,0,28,28
1.3,4,83,87
1.5,0,74,74
2,0,81,81
2.1,0,84,84
2.4,0,65,65
2.5,0,50,50
2.8,0,26,26
3.4,0,29,29
3.8,0,4,4
3.7,0,0,0
4.2,0,0,0
4.4,0,0,0
4.7,0,0,0
4.7,0,0,0
4.8,0,0,0
4.6,0,0,0
4.6,0,0,0
4.8,0,0,0
4.8,0,0,0
5.1,0,0,0
4.7,0,0,0
5.1,0,0,0
5.3,0,0,0
5.6,0,29,29
6.4,6,87,93
7.2,50,154,204
8.3,68,187,255
8.5,136,213,349
7.9,138,204,342
7.1,92,171,263
6.3,52,115,167
5,12,49,61
4.7,0,3,3
3.9,0,0,0
3.5,0,0,0
4.1,0,0,0
3.9,0,0,0
3.8,0,0,0
3.6,0,0,0
3.3,0,0,0
3.5,0,0,0
3.6,0,0,0
3.9,0,0,0
4.3,0,0,0
4.2,0,0,0
4.5,0,0,0
4.8,0,0,0
5.2,3,34,37
5.3,3,76,79
5.5,0,70,70
5.7,0,69,69
5.9,0,66,66
6,0,55,55
5.8,0,44,44
5.6,0,30,30
5.3,0,15,15
4.9,0,2,2
4.9,0,0,0
4.8,0,0,0
4.7,0,0,0
4.7,0,0,0
4.7,0,0,0
4.3,0,0,0
4,0,0,0
3.6,0,0,0
2.3,0,0,0
1.4,0,0,0
0.8,0,0,0
-0.1,0,0,0
-0.1,0,0,0
0.1,0,0,0
0.4,1,36,37
1.3,2,79,81
1.3,3,110,113
2.1,21,165,186
3.2,87,190,277
4.6,130,176,306
5,156,130,286
3.5,105,94,199
2,34,50,84
0.7,0,9,9
0.9,0,0,0
1,0,0,0
1,0,0,0
0.9,0,0,0
2.3,0,0,0
1.7,0,0,0
2,0,0,0
2.7,0,0,0
2.7,0,0,0
2.7,0,0,0
2.7,0,0,0
3,0,0,0
3.2,0,0,0
3.6,0,0,0
4.1,0,29,29
4.7,2,77,79
5.3,0,92,92
5.3,0,87,87
5.5,0,67,67
5.4,0,59,59
5.3,0,53,53
5.3,0,41,41
5,0,15,15
4.9,0,1,1
4.9,0,0,0
5,0,0,0
4.8,0,0,0
4.6,0,0,0
4.5,0,0,0
4.4,0,0,0
4.4,0,0,0
4.3,0,0,0
4.2,0,0,0
4.2,0,0,0
4,0,0,0
4.1,0,0,0
4.3,0,0,0
4.6,0,0,0
4.9,0,22,22
5.7,0,52,52
6.2,8,124,132
6.4,14,165,179
6.4,21,181,202
6.7,7,146,153
6.4,17,142,159
5.8,25,96,121
5.3,2,43,45
4.7,0,6,6
3.8,0,0,0
2.9,0,0,0
1.9,0,0,0
1.6,0,0,0
1,0,0,0
2.3,0,0,0
1.9,0,0,0
2,0,0,0
1.3,0,0,0
0.9,0,0,0
0.4,0,0,0
-0.1,0,0,0
-0.6,0,0,0
0.6,0,0,0
2.1,27,43,70
4.1,98,87,185
5.6,233,76,309
6.3,311,74,385
6.8,354,63,417
7.5,323,69,392
6.4,267,64,331
5.6,133,75,208
4.7,19,50,69
4.5,0,6,6
3.4,0,0,0
1.9,0,0,0
1.2,0,0,0
0.8,0,0,0
0.2,0,0,0
0.1,0,0,0
0.1,0,0,0
-0.3,0,0,0
-1.4,0,0,0
-1.5,0,0,0
-1.5,0,0,0
-2.1,0,0,0
-2,0,0,0
-1,0,0,0
-0.1,23,46,69
0.7,90,93,183
1.7,171,116,287
2.2,185,151,336
2.5,316,92,408
2.5,305,85,390
1.9,249,79,328
0.9,170,64,234
-0.7,56,47,103
-1.6,3,10,13
-2.2,0,0,0
-2.6,0,0,0
-2.5,0,0,0
-2.9,0,0,0
-3.6,0,0,0
-3.6,0,0,0
-3.4,0,0,0
-3.6,0,0,0
-3.7,0,0,0
-4,0,0,0
-4.4,0,0,0
-4.3,0,0,0
-4.4,0,0,0
-2.7,0,0,0
-1.4,29,42,71
0.1,92,85,177
1.6,230,67,297
2.4,311,61,372
3.5,349,52,401
3.8,312,64,376
3.5,267,52,319
2.8,181,44,225
1.3,62,38,100
0.5,5,10,15
-0.2,0,0,0
-0.4,0,0,0
-0.1,0,0,0
-0.4,0,0,0
-0.5,0,0,0
-1,0,0,0
-1.9,0,0,0
-2.1,0,0,0
-2.9,0,0,0
-3.1,0,0,0
-3.1,0,0,0
-3.2,0,0,0
-3.4,0,0,0
-2.3,0,1,1
-0.9,29,50,79
0.4,90,103,193
1.3,170,132,302
2.4,243,138,381
3.1,299,122,421
2.9,297,111,408
2.1,178,137,315
1.3,40,99,139
0.2,0,28,28
-0.6,0,5,5
-1.3,0,0,0
-1.3,0,0,0
-1.5,0,0,0
-2,0,0,0
-2,0,0,0
-2.2,0,0,0
-2,0,0,0
-2.4,0,0,0
-2.1,0,0,0
-2,0,0,0
-2.2,0,0,0
-2.7,0,0,0
-3.1,0,0,0
-1.4,0,1,1
-0.4,33,46,79
1.3,153,63,216
3.1,47,159,206
3.8,8,152,160
4.1,1,127,128
3.8,26,162,188
3.7,158,134,292
2.5,135,84,219
1.6,31,58,89
0.4,1,11,12
0.6,0,0,0
0.4,0,0,0
0.3,0,0,0
0.2,0,0,0
0.2,0,0,0
0.2,0,0,0
0.3,0,0,0
0.4,0,0,0
0.3,0,0,0
0.1,0,0,0
-0.3,0,0,0
-0.5,0,0,0
-0.8,0,0,0
-1,0,6,6
-0.7,0,39,39
-0.5,9,101,110
-0.3,0,100,100
0.3,0,108,108
0.5,0,99,99
0.3,19,156,175
0.1,206,117,323
-0.5,56,109,165
-1,4,50,54
-1.6,0,2,2
-2.1,0,0,0
-2.5,0,0,0
-1.8,0,0,0
-2.6,0,0,0
-3,0,0,0
-3.1,0,0,0
-3.2,0,0,0
-3,0,0,0
-3.1,0,0,0
-3.1,0,0,0
-3,0,0,0
-2.8,0,0,0
-2.4,0,0,0
-2.1,0,8,8
-1.7,11,70,81
-1.4,18,133,151
-1,35,191,226
-0.4,3,155,158
-0.4,0,64,64
-0.3,1,128,129
-0.3,0,88,88
-0.2,0,40,40
0,0,13,13
0.1,0,2,2
0.1,0,0,0
0.2,0,0,0
0.5,0,0,0
0.8,0,0,0
0.8,0,0,0
0.8,0,0,0
1.3,0,0,0
1.4,0,0,0
1.7,0,0,0
1.9,0,0,0
1.9,0,0,0
2.5,0,0,0
2.6,0,0,0
3,0,10,10
3.3,8,67,75
3.8,20,138,158
4.3,11,163,174
4.4,19,207,226
4.6,6,173,179
4.8,0,77,77
5.3,23,181,204
5,2,95,97
3.8,0,43,43
4.6,0,2,2
4.6,0,0,0
4.7,0,0,0
4.5,0,0,0
4.1,0,0,0
3.8,0,0,0
3.1,0,0,0
2.9,0,0,0
3.2,0,0,0
2.8,0,0,0
3,0,0,0
3,0,0,0
3.2,0,0,0
3.3,0,0,0
3.7,2,14,16
3.7,11,64,75
4.3,59,143,202
4.3,79,195,274
4.5,1,136,137
4.8,0,91,91
5.1,0,86,86
4.9,2,119,121
5.1,3,92,95
5.6,20,72,92
4.4,0,1,1
3.7,0,0,0
3,0,0,0
3.1,0,0,0
3.1,0,0,0
2.8,0,0,0
3.1,0,0,0
3,0,0,0
3.6,0,0,0
3.6,0,0,0
3.4,0,0,0
3,0,0,0
2.9,0,0,0
2.8,0,0,0
3.1,0,10,10
3.3,1,44,45
3.5,23,130,153
3.7,37,182,219
5,31,210,241
4.9,41,218,259
4.4,98,232,330
4.1,15,159,174
4,16,121,137
4.4,0,18,18
4.6,0,1,1
4.4,0,0,0
4.5,0,0,0
4.3,0,0,0
4.4,0,0,0
4.2,0,0,0
4,0,0,0
3.5,0,0,0
2.9,0,0,0
3.1,0,0,0
2.8,0,0,0
2.7,0,0,0
2.5,0,0,0
2.7,0,0,0
3.5,3,16,19
3.6,26,86,112
3.8,67,168,235
4,32,189,221
3.2,2,149,151
2.9,21,209,230
2.8,8,163,171
2.9,0,110,110
3.3,0,34,34
4,0,45,45
5,0,3,3
5.3,0,0,0
4.8,0,0,0
4.1,0,0,0
3.6,0,0,0
3.3,0,0,0
1.9,0,0,0
1,0,0,0
0.5,0,0,0
0.7,0,0,0
1.2,0,0,0
1.1,0,0,0
1.1,0,0,0
1.1,0,0,0
1.5,0,8,8
1.8,0,50,50
2.1,1,111,112
2.8,5,152,157
3.3,93,200,293
3.9,116,205,321
3.7,135,189,324
3.7,139,155,294
3.3,116,112,228
2.5,43,76,119
2,0,15,15
1.8,0,0,0
1.5,0,0,0
1.6,0,0,0
1.9,0,0,0
1.7,0,0,0
1.8,0,0,0
1.7,0,0,0
1.8,0,0,0
2,0,0,0
1.8,0,0,0
1.7,0,0,0
1.5,0,0,0
1.7,0,0,0
1.9,1,23,24
2.8,25,89,114
3.7,96,138,234
3.7,179,162,341
3,234,176,410
3.9,254,184,438
3.4,287,156,443
3.2,210,156,366
2.9,158,119,277
2.3,51,84,135
2.1,1,21,22
1.5,0,0,0
1.6,0,0,0
1.4,0,0,0
1.8,0,0,0
1.1,0,0,0
1,0,0,0
1.3,0,0,0
1.3,0,0,0
0.9,0,0,0
1,0,0,0
1.4,0,0,0
1.6,0,0,0
1.2,0,0,0
1.5,8,27,35
2.4,106,61,167
3.3,267,52,319
3.6,344,65,409
3.8,164,196,360
3.8,47,214,261
3.9,182,194,376
3.5,362,74,436
2.9,217,82,299
1.7,91,71,162
0.5,2,21,23
0,0,0,0
-0.3,0,0,0
-0.6,0,0,0
-0.5,0,0,0
-1,0,0,0
-0.8,0,0,0
-0.7,0,0,0
-0.6,0,0,0
-0.9,0,0,0
-0.7,0,0,0
-0.1,0,0,0
-0.4,0,0,0
-0.5,0,0,0
0.7,4,25,29
0.8,63,75,138
0.2,35,146,181
1.1,157,168,325
2.2,404,78,482
2.4,431,84,515
2.2,402,89,491
1.9,366,68,434
1.3,246,70,316
0.2,100,69,169
-1.4,8,23,31
-1.5,0,0,0
-2,0,0,0
-2.3,0,0,0
-1.8,0,0,0
-0.9,0,0,0
0.4,0,0,0
1.5,0,0,0
2.4,0,0,0
2.3,0,0,0
2.2,0,0,0
2,0,0,0
1.5,0,0,0
2.6,0,0,0
1.4,0,12,12
2,5,75,80
3.9,151,126,277
5.5,146,180,326
5.5,172,211,383
5.6,177,224,401
5.5,245,188,433
4.8,191,172,363
1.8,24,136,160
1.1,17,86,103
0.8,0,21,21
0.1,0,0,0
0.6,0,0,0
1.1,0,0,0
0.8,0,0,0
1.2,0,0,0
0.6,0,0,0
0.1,0,0,0
-0.6,0,0,0
-0.4,0,0,0
-1.1,0,0,0
-1.4,0,0,0
-2,0,0,0
-1.9,0,0,0
0.5,9,28,37
2.3,101,60,161
3.8,252,51,303
4.4,289,93,382
5,274,141,415
5.1,233,175,408
5.2,202,175,377
4.6,114,163,277
4.3,25,128,153
3.8,21,82,103
3.8,4,23,27
3.7,0,0,0
3.6,0,0,0
3.7,0,0,0
3.9,0,0,0
3.8,0,0,0
4.2,0,0,0
4.3,0,0,0
4.6,0,0,0
4.9,0,0,0
5,0,0,0
5.1,0,0,0
5.6,0,0,0
5.8,0,0,0
6.1,0,7,7
6.3,0,45,45
6.4,0,62,62
6.7,0,73,73
6.9,0,115,115
6.8,0,108,108
7,0,116,116
7.1,0,113,113
6.7,0,90,90
6.5,1,63,64
6.3,0,18,18
6.4,0,0,0
6.4,0,0,0
6.4,0,0,0
6.2,0,0,0
6.3,0,0,0
6.4,0,0,0
6.4,0,0,0
6.2,0,0,0
6.4,0,0,0
6.4,0,0,0
6.4,0,0,0
6.6,0,0,0
6.5,0,0,0
6.7,0,15,15
7,0,52,52
7.2,0,66,66
7.3,0,68,68
7.6,0,73,73
7.6,0,66,66
7.8,0,61,61
7.6,0,78,78
7.6,0,76,76
7.3,3,74,77
7,5,30,35
7,0,0,0
6.7,0,0,0
6.2,0,0,0
5.1,0,0,0
4.2,0,0,0
3.6,0,0,0
3.1,0,0,0
2.6,0,0,0
2.2,0,0,0
2.5,0,0,0
2,0,0,0
1.7,0,0,0
2.1,0,0,0
4,13,34,47
5.8,90,86,176
7.6,187,121,308
8.8,275,143,418
9.1,304,171,475
9.3,246,216,462
9.7,264,194,458
10,124,204,328
8.9,48,151,199
8.2,4,78,82
7.7,0,25,25
7.3,0,0,0
6.9,0,0,0
6.8,0,0,0
6.9,0,0,0
6.7,0,0,0
6.1,0,0,0
5.7,0,0,0
5.2,0,0,0
5.4,0,0,0
5.6,0,0,0
6.1,0,0,0
6.2,0,0,0
6.2,0,0,0
6.5,0,13,13
7.2,8,94,102
8,41,170,211
9,54,219,273
9.3,28,232,260
9,3,186,189
9,0,130,130
8.8,0,123,123
8.9,0,80,80
8.4,0,65,65
8.3,0,16,16
8.1,0,0,0
8.2,0,0,0
7.9,0,0,0
8,0,0,0
7.8,0,0,0
7.7,0,0,0
6.7,0,0,0
6.2,0,0,0
5.8,0,0,0
5.6,0,0,0
5.8,0,0,0
5.9,0,0,0
5.5,0,0,0
6.7,23,30,53
7.2,150,40,190
8.6,163,105,268
9.9,177,155,332
10.3,158,198,356
10.8,19,203,222
11.2,113,208,321
11,206,148,354
10.8,141,123,264
9.9,115,63,178
9.1,8,32,40
9,0,0,0
9.3,0,0,0
9,0,0,0
8.6,0,0,0
7.8,0,0,0
7.5,0,0,0
7.1,0,0,0
6.7,0,0,0
7.3,0,0,0
7.3,0,0,0
7,0,0,0
7.3,0,0,0
7.2,0,1,1
6.8,0,30,30
6.2,0,54,54
7.3,0,83,83
7.9,33,175,208
6.9,3,169,172
6.7,0,102,102
6.7,0,82,82
6.5,0,89,89
6.6,0,73,73
6.9,0,51,51
5.9,0,20,20
6.5,0,0,0
6.7,0,0,0
6.7,0,0,0
6.1,0,0,0
5.8,0,0,0
6.5,0,0,0
7.1,0,0,0
7.1,0,0,0
6.7,0,0,0
6.4,0,0,0
5.2,0,0,0
4.6,0,0,0
5,0,1,1
3.9,0,7,7
5.1,27,90,117
4.7,119,116,235
4.9,8,159,167
4.5,0,143,143
5,0,102,102
5,0,93,93
6.3,0,81,81
6,13,128,141
5.9,24,89,113
5.8,6,31,37
6,0,0,0
5.9,0,0,0
6.6,0,0,0
6.6,0,0,0
6.5,0,0,0
6.2,0,0,0
5.9,0,0,0
5.6,0,0,0
5.7,0,0,0
5.6,0,0,0
5.3,0,0,0
5.9,0,0,0
6,0,4,4
6.4,3,37,40
6.8,21,102,123
7.3,147,142,289
7.6,261,157,418
7.7,128,234,362
7.5,122,244,366
7.5,55,226,281
7.3,55,200,255
6.8,51,157,208
6.3,39,105,144
6.1,18,40,58
6,0,0,0
5.8,0,0,0
5.6,0,0,0
4.7,0,0,0
4.5,0,0,0
4.1,0,0,0
3.7,0,0,0
3.4,0,0,0
4.5,0,0,0
4.9,0,0,0
5.1,0,0,0
5.2,0,0,0
5.3,0,1,1
5.5,0,15,15
6.3,19,88,107
7.1,89,118,207
7.4,192,107,299
7.1,34,190,224
6.6,0,155,155
6.8,2,158,160
6.8,6,146,152
6.5,126,94,220
6.1,198,58,256
5.4,54,26,80
5,0,0,0
4.9,0,0,0
4.9,0,0,0
4.7,0,0,0
4.4,0,0,0
3.8,0,0,0
2.9,0,0,0
3.3,0,0,0
3,0,0,0
3.6,0,0,0
3.2,0,0,0
3.6,0,0,0
3.8,0,3,3
4.7,0,25,25
4.9,0,72,72
5.6,5,148,153
6.7,3,169,172
7.2,24,228,252
7.7,21,229,250
7.7,30,227,257
8,33,203,236
7.9,4,130,134
7.3,16,104,120
6.3,13,45,58
5.8,0,0,0
5.8,0,0,0
5.7,0,0,0
5.8,0,0,0
5.3,0,0,0
5.4,0,0,0
5.4,0,0,0
5.3,0,0,0
5.3,0,0,0
5.1,0,0,0
4.9,0,0,0
4.8,0,0,0
5,0,4,4
5.8,7,45,52
6.5,64,105,169
7.1,68,161,229
7.3,29,199,228
7.8,39,231,270
7.7,29,229,258
7.7,29,214,243
7.4,34,192,226
7.1,42,154,196
6.5,24,103,127
5.4,5,39,44
4.4,0,0,0
3.1,0,0,0
2.4,0,0,0
1.7,0,0,0
2.5,0,0,0
3.2,0,0,0
3.1,0,0,0
3.8,0,0,0
3.1,0,0,0
2.2,0,0,0
2.1,0,0,0
1.3,0,0,0
3.5,0,10,10
4.5,49,48,97
4.9,146,84,230
5.2,129,150,279
4.6,49,207,256
5.7,158,227,385
5.2,292,195,487
4.6,202,215,417
5,324,130,454
3.1,215,123,338
3.5,50,107,157
2.4,55,42,97
1.8,0,0,0
0.4,0,0,0
1.2,0,0,0
1.2,0,0,0
1.9,0,0,0
1.4,0,0,0
1.5,0,0,0
1.7,0,0,0
0.7,0,0,0
0.2,0,0,0
0.9,0,0,0
0.8,0,0,0
1.7,0,7,7
3.6,53,49,102
4.9,205,62,267
5.8,345,67,412
6,444,72,516
6,450,110,560
6.2,394,158,552
6.9,253,205,458
6.3,227,179,406
6,296,92,388
4.8,188,73,261
3.3,58,46,104
2.5,0,5,5
2.6,0,0,0
1.3,0,0,0
0.9,0,0,0
0.6,0,0,0
1,0,0,0
0.3,0,0,0
0.8,0,0,0
0.7,0,0,0
0.6,0,0,0
0.8,0,0,0
0.1,0,0,0
1.6,2,11,13
2.6,74,42,116
3.7,216,59,275
5,370,55,425
5.9,483,58,541
6.3,374,145,519
6,105,244,349
5.4,107,233,340
5.8,288,141,429
4.8,285,86,371
3.7,178,67,245
2.3,42,43,85
1.3,0,6,6
0.5,0,0,0
-0.3,0,0,0
-0.9,0,0,0
-1.4,0,0,0
-1.5,0,0,0
-1.7,0,0,0
-2.4,0,0,0
-1.8,0,0,0
-1.6,0,0,0
-0.5,0,0,0
0.8,0,0,0
1.7,0,5,5
3,3,48,51
3.9,16,112,128
4.7,15,161,176
4.1,25,204,229
4.3,45,232,277
5.2,66,234,300
4.6,102,218,320
4,19,183,202
4.4,1,115,116
4.1,7,95,102
3.7,0,33,33
3.3,0,2,2
3,0,0,0
2.7,0,0,0
2.2,0,0,0
2.7,0,0,0
3,0,0,0
3.8,0,0,0
4.5,0,0,0
4.6,0,0,0
4.1,0,0,0
3.3,0,0,0
2.8,0,0,0
3.6,0,7,7
3.8,10,39,49
4.6,20,91,111
4.8,0,108,108
4.7,5,153,158
5,100,155,255
4.6,75,167,242
5,0,140,140
5,0,52,52
4.6,0,36,36
4,0,40,40
3.5,0,36,36
3.5,0,2,2
3.2,0,0,0
2.7,0,0,0
1.7,0,0,0
1.6,0,0,0
1.4,0,0,0
2.2,0,0,0
2.5,0,0,0
2.5,0,0,0
2.7,0,0,0
2.3,0,0,0
1.9,0,0,0
1.3,0,5,5
0.7,0,32,32
0.5,0,68,68
0.4,0,79,79
0.4,0,86,86
0.5,0,114,114
0.5,1,180,181
0.8,10,201,211
0.9,86,210,296
0.5,105,161,266
-0.3,89,108,197
-1.1,32,52,84
-1.4,0,6,6
-1.9,0,0,0
-2.2,0,0,0
-2.9,0,0,0
-3.7,0,0,0
-4.1,0,0,0
-4.6,0,0,0
-5,0,0,0
-5.6,0,0,0
-5.8,0,0,0
-6.5,0,0,0
-6.4,0,0,0
-4.1,5,15,20
-1.8,78,58,136
-0.6,205,81,286
0.2,336,95,431
0.6,440,104,544
1.5,516,100,616
2,516,114,630
2.6,524,88,612
2.9,456,83,539
2.6,339,85,424
1.9,190,83,273
1.3,49,56,105
0.6,0,6,6
0.5,0,0,0
0.1,0,0,0
0.5,0,0,0
0.4,0,0,0
0.5,0,0,0
0.3,0,0,0
-0.1,0,0,0
-0.1,0,0,0
0.4,0,0,0
0.3,0,0,0
0.8,0,0,0
0.3,0,9,9
0.6,3,52,55
1.2,0,43,43
1.3,0,72,72
1.9,52,216,268
1.9,231,196,427
2.4,242,195,437
3.5,142,216,358
2.2,24,191,215
2.7,246,93,339
2.1,216,53,269
0.7,98,48,146
0.5,7,10,17
-0.1,0,0,0
-0.4,0,0,0
-0.1,0,0,0
0.5,0,0,0
1.1,0,0,0
1.7,0,0,0
1.9,0,0,0
1.4,0,0,0
0.8,0,0,0
-0.6,0,0,0
-0.5,0,0,0
0.8,4,15,19
2.7,76,63,139
3.1,199,94,293
4.3,295,124,419
4.5,228,214,442
5.4,296,224,520
5.8,364,203,567
6.4,426,147,573
6.1,430,106,536
5.7,245,142,387
4.7,175,96,271
2.7,87,53,140
1.6,8,13,21
1.3,0,0,0
0.2,0,0,0
0.1,0,0,0
0.1,0,0,0
1.3,0,0,0
0.7,0,0,0
0.6,0,0,0
-0.3,0,0,0
-1.2,0,0,0
-1.9,0,0,0
-1.8,0,0,0
0.3,10,15,25
1.8,109,51,160
2.9,264,71,335
3.6,426,67,493
4,250,181,431
4.7,190,237,427
4.9,53,253,306
4,74,245,319
5,35,208,243
4.1,13,152,165
3.6,139,93,232
2,120,47,167
0.3,10,11,21
-0.2,0,0,0
-0.1,0,0,0
-0.1,0,0,0
-0.3,0,0,0
-1.6,0,0,0
-2.2,0,0,0
-2.2,0,0,0
-2.8,0,0,0
-3.8,0,0,0
-2.3,0,0,0
-2.1,0,0,0
0.9,0,11,11
3.3,51,67,118
4.7,190,89,279
5.7,228,145,373
5.8,212,209,421
6.1,55,253,308
6.5,41,252,293
6.7,83,252,335
6.1,84,223,307
6.1,17,158,175
5.7,9,109,118
5.5,15,60,75
5.6,1,11,12
5.4,0,0,0
5.3,0,0,0
5.4,0,0,0
5.3,0,0,0
5.4,0,0,0
5.4,0,0,0
5.5,0,0,0
5.7,0,0,0
5.7,0,0,0
5.8,0,0,0
5.8,0,0,0
6,0,8,8
6,1,56,57
6.7,1,105,106
7.4,20,169,189
8.1,12,193,205
8.3,16,214,230
8.1,11,205,216
7.9,0,131,131
8.1,0,116,116
8,0,100,100
7.6,0,72,72
7.4,7,52,59
7.4,1,11,12
7.3,0,0,0
7.2,0,0,0
7.3,0,0,0
7.1,0,0,0
6.6,0,0,0
6.4,0,0,0
6.2,0,0,0
6,0,0,0
5.9,0,0,0
5.8,0,0,0
6.2,0,0,0
6.8,2,16,18
7.7,26,78,104
8.5,84,148,232
9.7,162,198,360
10.3,185,248,433
10.2,90,286,376
10.3,109,298,407
11.4,175,270,445
11.4,271,217,488
8.6,282,144,426
7.4,166,115,281
6.9,56,67,123
7.1,5,14,19
6.1,0,0,0
4.2,0,0,0
3.6,0,0,0
3.1,0,0,0
1.1,0,0,0
-0.2,0,0,0
0.1,0,0,0
0.4,0,0,0
-0.3,0,0,0
-0.8,0,0,0
-0.3,0,0,0
1.1,5,17,22
3.6,35,79,114
6.3,89,148,237
9.3,168,197,365
10.1,298,211,509
11.9,419,197,616
12.4,316,254,570
12.5,62,270,332
12.5,191,246,437
11.8,243,163,406
11,197,103,300
8.8,90,66,156
7.9,10,15,25
7.1,0,0,0
6.5,0,0,0
5.9,0,0,0
4.7,0,0,0
4.6,0,0,0
4.6,0,0,0
3.9,0,0,0
3.6,0,0,0
2.9,0,0,0
3.3,0,0,0
3.6,0,0,0
5.2,13,19,32
7.3,98,72,170
9.7,227,101,328
11.2,358,119,477
12.6,459,132,591
13.1,516,143,659
14.1,534,146,680
14.2,519,135,654
13.9,470,118,588
13.2,372,103,475
12.3,235,90,325
10.4,100,64,164
8.9,11,15,26
7.8,0,0,0
7.2,0,0,0
6.6,0,0,0
6.2,0,0,0
5.9,0,0,0
5.5,0,0,0
5.5,0,0,0
4.9,0,0,0
5.1,0,0,0
4.9,0,0,0
5.3,0,0,0
6.6,4,33,37
7.9,63,100,163
9.7,166,147,313
11.5,258,188,446
11.8,328,220,548
12.7,422,208,630
11.9,454,198,652
12.5,431,191,622
11.1,378,172,550
11.4,215,191,406
9.8,101,153,254
8.8,41,88,129
7.6,3,23,26
5.9,0,0,0
5.5,0,0,0
4.9,0,0,0
4.6,0,0,0
4.3,0,0,0
3.7,0,0,0
3.4,0,0,0
3.6,0,0,0
4.3,0,0,0
4.1,0,0,0
4.8,0,0,0
5.5,0,31,31
7.2,26,107,133
9.2,105,176,281
10.7,270,187,457
10.9,377,196,573
11.8,436,206,642
12.7,466,198,664
13.8,441,193,634
13.4,377,182,559
13,295,158,453
12.2,165,139,304
10,80,86,166
10.8,10,27,37
9.4,0,0,0
8.8,0,0,0
8.4,0,0,0
7.9,0,0,0
7.2,0,0,0
7,0,0,0
7.2,0,0,0
7.2,0,0,0
7.1,0,0,0
6.9,0,0,0
6.8,0,0,0
7.5,0,14,14
8.8,19,107,126
9.9,68,185,253
11,41,236,277
11.4,5,213,218
12.5,0,112,112
13.3,2,210,212
13.1,85,293,378
12.6,3,184,187
13,6,163,169
12.3,5,118,123
11.6,12,83,95
11,1,23,24
10.4,0,0,0
9.9,0,0,0
9.7,0,0,0
9.7,0,0,0
9.9,0,0,0
9.9,0,0,0
9.9,0,0,0
9.5,0,0,0
9.3,0,0,0
8.7,0,0,0
8.5,0,0,0
8.7,0,11,11
9.5,0,43,43
10.5,0,101,101
11.4,0,164,164
12.6,0,168,168
13.3,0,177,177
12.7,0,161,161
12.6,0,115,115
12.3,0,85,85
11.2,0,70,70
10.8,0,50,50
10.1,0,46,46
10,0,15,15
7.8,0,0,0
7.1,0,0,0
4.8,0,0,0
3.9,0,0,0
3.1,0,0,0
2.4,0,0,0
1.8,0,0,0
1.7,0,0,0
2,0,0,0
1.7,0,0,0
0.8,0,0,0
1.3,2,33,35
2.4,67,96,163
3.7,251,90,341
4.2,277,157,434
4.7,113,266,379
5.2,143,291,434
5.5,136,303,439
5.9,210,271,481
6.3,251,216,467
5.9,313,120,433
5.6,239,88,327
4.4,120,58,178
2.2,18,24,42
2,0,0,0
1.4,0,0,0
0.4,0,0,0
-0.1,0,0,0
-0.9,0,0,0
-1,0,0,0
-1.2,0,0,0
-1.8,0,0,0
-1.7,0,0,0
-1.8,0,0,0
0.5,0,0,0
3.4,35,37,72
6,174,67,241
7.2,364,50,414
7.9,432,73,505
7.8,215,243,458
8.3,30,271,301
8.1,2,214,216
9.2,23,259,282
8.8,234,228,462
9.1,418,63,481
8.1,327,67,394
6.9,178,41,219
5,30,26,56
4.1,0,0,0
4.1,0,0,0
4.3,0,0,0
4.4,0,0,0
3.5,0,0,0
3.1,0,0,0
3.5,0,0,0
3.7,0,0,0
3.7,0,0,0
4.1,0,0,0
5.1,0,0,0
6,38,22,60
6.5,128,38,166
6.9,142,69,211
7.3,8,171,179
8.5,0,129,129
9.1,0,118,118
8.5,0,191,191
9.2,0,185,185
8.6,0,118,118
9.5,0,102,102
7.6,13,110,123
6.8,44,49,93
6,13,12,25
5.7,0,0,0
5.5,0,0,0
5.4,0,0,0
5.4,0,0,0
5.2,0,0,0
5.1,0,0,0
4.9,0,0,0
4.9,0,0,0
4.9,0,0,0
4.8,0,0,0
5.4,0,0,0
6.4,1,37,38
7.1,3,102,105
7.9,23,206,229
8.6,12,239,251
9.1,29,312,341
9.4,65,380,445
9.2,35,354,389
8.9,22,311,333
8.4,16,270,286
8.4,1,153,154
8.2,0,114,114
7.4,0,48,48
5.6,0,17,17
5,0,0,0
5,0,0,0
4.7,0,0,0
5.1,0,0,0
4.9,0,0,0
4.4,0,0,0
2.6,0,0,0
1.9,0,0,0
1.4,0,0,0
1.4,0,0,0
2.5,0,1,1
4.4,31,45,76
6.3,143,85,228
7.7,284,101,385
8.9,416,108,524
9.8,518,113,631
9.9,561,128,689
10,550,146,696
9.9,513,150,663
10,258,239,497
8.8,90,220,310
7.7,154,141,295
6.4,131,71,202
3.8,29,31,60
3,0,1,1
1.3,0,0,0
-0.1,0,0,0
-0.3,0,0,0
-0.9,0,0,0
-1.3,0,0,0
-1,0,0,0
-1.2,0,0,0
-1.2,0,0,0
-1.6,0,0,0
0.8,0,1,1
3.9,39,42,81
5.4,150,73,223
6.4,335,60,395
7.1,451,92,543
8,587,57,644
8.4,503,145,648
8.2,312,257,569
8.6,151,293,444
8,83,262,345
7.7,18,193,211
7,16,145,161
6,26,90,116
5.1,31,28,59
3.9,0,1,1
3.5,0,0,0
3.4,0,0,0
3.1,0,0,0
2.5,0,0,0
2.5,0,0,0
2.1,0,0,0
1.4,0,0,0
1.1,0,0,0
1.4,0,0,0
2.5,0,1,1
3.3,18,49,67
4.7,13,113,126
5.7,18,178,196
6.1,21,238,259
7.7,8,238,246
10.4,45,310,355
11.4,312,304,616
11.9,465,208,673
12.1,390,201,591
11.7,192,223,415
11.1,36,167,203
10.4,79,98,177
8.9,20,35,55
7.7,0,0,0
7.3,0,0,0
6.5,0,0,0
6.3,0,0,0
6.5,0,0,0
6.4,0,0,0
5.8,0,0,0
4.2,0,0,0
4.8,0,0,0
4.4,0,0,0
4.6,0,2,2
5.8,0,25,25
7.1,0,73,73
8.6,38,217,255
8.6,65,293,358
7.6,6,246,252
7.5,0,112,112
6.9,0,123,123
6.8,0,125,125
5.5,0,84,84
5.5,0,74,74
5.3,0,69,69
5.2,0,45,45
4.1,0,16,16
4.2,0,0,0
4.1,0,0,0
3.8,0,0,0
3.5,0,0,0
3.1,0,0,0
2.3,0,0,0
2.4,0,0,0
1,0,0,0
1,0,0,0
0.6,0,0,0
1.9,0,5,5
3.8,45,55,100
5.8,170,95,265
6.6,321,110,431
7.8,382,150,532
8,164,302,466
8.4,41,309,350
8.6,0,201,201
8.7,24,281,305
8.8,43,277,320
7.6,98,235,333
6.5,55,171,226
6,0,76,76
5.2,29,40,69
4.9,0,1,1
4.6,0,0,0
4.6,0,0,0
4.7,0,0,0
4.5,0,0,0
5.1,0,0,0
5.3,0,0,0
5.1,0,0,0
5.3,0,0,0
4.8,0,0,0
5,0,0,0
5.8,13,50,63
5.7,42,119,161
6.8,1,138,139
7.6,2,186,188
8.9,24,264,288
9,129,313,442
8.9,62,311,373
9.8,119,307,426
9.8,257,233,490
10,313,143,456
9.1,310,63,373
7.6,79,88,167
5.3,32,34,66
3.7,0,0,0
4.7,0,0,0
3.3,0,0,0
3.9,0,0,0
3.5,0,0,0
1.5,0,0,0
2.2,0,0,0
1.3,0,0,0
1,0,0,0
1.3,0,0,0
2.7,0,2,2
3.5,9,52,61
4.2,53,124,177
6.2,35,185,220
7.8,20,231,251
9.1,94,294,388
9.9,53,307,360
9.7,8,248,256
9.2,4,225,229
8.5,0,155,155
8.9,0,98,98
8.7,0,107,107
8.5,0,61,61
8.3,0,18,18
7.8,0,0,0
7.4,0,0,0
7.2,0,0,0
6.4,0,0,0
6.8,0,0,0
6.4,0,0,0
6.9,0,0,0
6,0,0,0
5.6,0,0,0
6.2,0,0,0
6.8,0,1,1
7.3,0,25,25
7.5,0,57,57
7.1,0,91,91
7.6,0,120,120
7.4,0,109,109
8.1,0,151,151
8.3,0,167,167
8.6,8,231,239
8.7,1,185,186
9.4,3,166,169
9,69,142,211
8.1,159,61,220
5.7,50,33,83
4.3,0,4,4
3.6,0,0,0
2.4,0,0,0
2.7,0,0,0
2.4,0,0,0
2.1,0,0,0
4.9,0,0,0
5.4,0,0,0
6.6,0,0,0
7.3,0,0,0
7.9,0,4,4
8.1,0,21,21
8.5,0,35,35
9.9,0,74,74
11,0,127,127
13.2,0,165,165
13.2,47,360,407
13.4,89,399,488
13.2,47,352,399
12.8,2,207,209
11.8,0,135,135
10.4,0,84,84
10.3,0,64,64
8.5,0,22,22
7.9,0,0,0
8.9,0,0,0
9.8,0,0,0
9,0,0,0
8.9,0,0,0
8.4,0,0,0
8.5,0,0,0
7.9,0,0,0
6.9,0,0,0
7,0,0,0
7.5,0,4,4
8.5,3,50,53
10,11,115,126
11,43,190,233
12.1,98,251,349
13.3,175,288,463
14.1,279,288,567
14.7,257,306,563
14.9,170,314,484
14.8,112,283,395
14.8,84,232,316
14.5,59,176,235
13.4,46,107,153
10.9,7,39,46
9.2,0,2,2
8.5,0,0,0
8.4,0,0,0
8.4,0,0,0
7.6,0,0,0
7.5,0,0,0
7.6,0,0,0
7.7,0,0,0
8.7,0,0,0
8.7,0,0,0
8.7,0,1,1
8.9,0,12,12
9.1,0,35,35
9.5,0,58,58
9.3,0,70,70
9.2,0,103,103
9,0,136,136
9,0,130,130
8.9,0,137,137
9,0,114,114
9.3,0,123,123
9.3,0,94,94
9.3,0,56,56
8.7,20,24,44
8.2,0,1,1
7.6,0,0,0
7.8,0,0,0
7.8,0,0,0
7.4,0,0,0
6.9,0,0,0
6.1,0,0,0
6.3,0,0,0
5.9,0,0,0
5.4,0,0,0
6.5,0,6,6
8.1,14,67,81
10.5,107,132,239
13.4,213,176,389
15.5,381,172,553
16.6,539,145,684
18,592,152,744
18.5,460,237,697
19,194,328,522
19,120,302,422
18.7,191,232,423
18.5,247,128,375
16.2,167,85,252
12.8,54,49,103
10.9,2,8,10
11.4,0,0,0
11.2,0,0,0
10.9,0,0,0
11.3,0,0,0
11,0,0,0
10.1,0,0,0
10.7,0,0,0
10.6,0,0,0
11,0,0,0
11,0,2,2
12.6,19,76,95
15.5,84,157,241
17.8,219,208,427
18.2,284,261,545
19.5,352,296,648
17.6,392,315,707
16.4,435,305,740
16.1,411,295,706
15.1,168,330,498
14.1,246,247,493
13.3,137,201,338
12.1,34,127,161
11.2,12,51,63
10.1,0,1,1
9.3,0,0,0
8.4,0,0,0
7.7,0,0,0
7.1,0,0,0
6.8,0,0,0
6.7,0,0,0
7.2,0,0,0
7.9,0,0,0
9.3,0,0,0
10.2,0,1,1
11.5,0,12,12
12.3,0,88,88
13.8,22,206,228
15.5,208,281,489
17.8,370,286,656
16.5,424,299,723
17.2,451,297,748
18.7,427,287,714
19.5,397,252,649
19.4,349,201,550
18.9,266,155,421
18.4,144,114,258
15.2,49,61,110
13.6,4,10,14
12.8,0,0,0
12.3,0,0,0
12.3,0,0,0
12.5,0,0,0
11.5,0,0,0
11.1,0,0,0
11.1,0,0,0
11.6,0,0,0
11.6,0,0,0
12.9,4,17,21
13.7,67,74,141
16.2,190,114,304
17.8,329,138,467
18.1,434,163,597
19.5,528,175,703
20.4,591,180,771
20.3,626,168,794
20.9,602,160,762
20.7,539,147,686
19.6,431,134,565
18.3,311,115,426
16.1,164,95,259
14.6,55,56,111
12.8,3,10,13
12.1,0,0,0
11.5,0,0,0
10.3,0,0,0
10.4,0,0,0
10,0,0,0
9.7,0,0,0
9,0,0,0
8.6,0,0,0
8.4,0,0,0
9.7,6,21,27
10.8,69,89,158
12.4,142,150,292
14.2,163,231,394
16.2,168,298,466
16.9,282,332,614
16.9,490,274,764
17.3,525,265,790
17.7,518,246,764
18.2,483,215,698
17.9,373,195,568
17,264,160,424
15.1,140,119,259
13.2,45,64,109
12.2,2,10,12
11.4,0,0,0
10.2,0,0,0
9.8,0,0,0
9.5,0,0,0
9,0,0,0
9.2,0,0,0
8.6,0,0,0
8.1,0,0,0
8.1,0,0,0
8.6,0,15,15
9.8,17,76,93
10.9,82,155,237
12.2,197,206,403
12.5,261,257,518
13.7,348,283,631
13.3,473,258,731
13.6,332,333,665
13.5,205,349,554
13.7,414,227,641
13.3,378,171,549
12.4,152,191,343
11.3,80,124,204
9.9,51,58,109
8.2,4,11,15
7.3,0,0,0
7.3,0,0,0
5.4,0,0,0
4.3,0,0,0
4.1,0,0,0
3.5,0,0,0
3.2,0,0,0
3.1,0,0,0
3.3,0,0,0
5.6,6,20,26
7.9,65,85,150
9.8,165,140,305
11.1,284,180,464
11.4,375,218,593
12.3,421,260,681
11.3,192,371,563
10.1,142,380,522
9.8,7,278,285
9.5,0,141,141
9.2,0,103,103
9,0,113,113
8.4,0,89,89
7.8,1,46,47
7.3,0,6,6
6.9,0,0,0
6.6,0,0,0
5.7,0,0,0
5.7,0,0,0
5.1,0,0,0
4.6,0,0,0
4.4,0,0,0
3.9,0,0,0
3.9,0,0,0
4.1,0,7,7
4.1,0,41,41
4.7,0,88,88
5.1,0,131,131
5.8,1,192,193
6.8,6,249,255
7.8,91,322,413
8.5,103,334,437
9.3,32,305,337
9.4,100,285,385
8.9,159,227,386
8.3,259,115,374
7.8,171,72,243
6.4,76,42,118
4.6,3,9,12
3.7,0,0,0
2.6,0,0,0
1.9,0,0,0
1,0,0,0
0.5,0,0,0
0.3,0,0,0
0.8,0,0,0
0.2,0,0,0
2.2,0,0,0
4.6,19,31,50
7,88,86,174
8.6,196,134,330
9.5,327,165,492
9,430,188,618
9.7,556,186,742
10.4,244,357,601
10.7,48,347,395
10.5,124,357,481
11.4,146,323,469
11.3,151,268,419
10.3,209,174,383
9.5,137,112,249
7.7,51,61,112
6.4,5,11,16
4.8,0,0,0
3.7,0,0,0
3.3,0,0,0
3.4,0,0,0
3.8,0,0,0
3.3,0,0,0
3,0,0,0
2.5,0,0,0
3,0,0,0
5.3,10,24,34
8.5,68,92,160
10.2,165,152,317
11.4,263,203,466
12.4,356,243,599
13.1,438,270,708
13.2,485,287,772
13.9,454,312,766
13.9,358,334,692
14,289,316,605
13,236,266,502
12.4,186,196,382
12.1,95,132,227
9.5,10,53,63
8.4,1,10,11
6.9,0,0,0
5.3,0,0,0
4.7,0,0,0
3.9,0,0,0
2.7,0,0,0
3,0,0,0
3.2,0,0,0
3,0,0,0
3.6,0,0,0
6.4,5,31,36
8.6,67,95,162
11.1,185,138,323
12.4,331,154,485
13.6,471,156,627
14.2,580,154,734
14.8,644,152,796
15.7,630,170,800
15,616,157,773
15,597,119,716
14.9,500,106,606
13.8,352,105,457
12.6,195,96,291
9.7,70,65,135
7.4,4,17,21
6.8,0,0,0
5.5,0,0,0
5.1,0,0,0
4.5,0,0,0
4.7,0,0,0
4.1,0,0,0
4.7,0,0,0
4.2,0,0,0
5,0,0,0
7.3,5,31,36
9.8,66,96,162
12.9,189,136,325
15,338,151,489
16.9,455,166,621
18.2,547,175,722
18.7,574,197,771
19.4,594,193,787
19.3,561,191,752
20,536,156,692
20,466,125,591
20.2,306,128,434
17.8,178,103,281
15.1,63,66,129
12.5,9,19,28
11.9,0,0,0
9.7,0,0,0
8.5,0,0,0
8.1,0,0,0
8.1,0,0,0
6.8,0,0,0
7.1,0,0,0
6.5,0,0,0
7.5,0,0,0
10.1,7,33,40
13,83,91,174
15,230,117,347
17.5,390,121,511
18,512,132,644
19.1,580,155,735
19.6,641,155,796
19.8,622,176,798
19.9,615,159,774
19.5,588,125,713
18.8,483,116,599
17.9,236,165,401
16.8,34,145,179
15,9,69,78
11.8,0,10,10
9.6,0,0,0
7.5,0,0,0
7.6,0,0,0
7.2,0,0,0
8.5,0,0,0
6.5,0,0,0
7,0,0,0
6.1,0,0,0
8.5,0,0,0
12,1,28,29
13.5,14,102,116
15.3,72,198,270
17.1,154,273,427
18.5,298,303,601
19.2,384,328,712
19.2,429,345,774
19.3,428,354,782
18.7,436,328,764
18.2,419,286,705
17.9,365,239,604
17.3,253,200,453
16,150,147,297
13.7,62,86,148
12.1,6,22,28
11.1,0,0,0
9.9,0,0,0
9.4,0,0,0
9,0,0,0
7.9,0,0,0
7.2,0,0,0
6.7,0,0,0
5.8,0,0,0
6.3,0,0,0
9.5,3,31,34
12.2,25,101,126
15.7,102,178,280
17.5,266,203,469
18.6,356,240,596
19.5,384,286,670
19.8,517,251,768
20.1,461,289,750
19.8,369,314,683
19.6,415,245,660
20,292,237,529
19.2,178,203,381
18,102,141,243
14.1,37,74,111
13.2,6,20,26
11.2,0,0,0
10.7,0,0,0
9.8,0,0,0
9.8,0,0,0
9.9,0,0,0
9.7,0,0,0
8.7,0,0,0
7.9,0,0,0
8,0,0,0
9.7,7,33,40
11.1,73,89,162
12.6,256,92,348
12.9,425,84,509
14,558,83,641
14.2,655,86,741
14.4,712,86,798
14.3,702,101,803
12.8,647,115,762
12.8,557,123,680
11.9,540,62,602
11.7,388,69,457
11.1,246,65,311
9.4,104,54,158
8.9,17,19,36
9,0,0,0
8.5,0,0,0
8.1,0,0,0
7.1,0,0,0
7,0,0,0
6.8,0,0,0
6.5,0,0,0
6.8,0,0,0
7.2,0,0,0
8.9,27,41,68
9.9,0,68,68
10.8,0,85,85
11.4,44,244,288
12.7,155,318,473
13.1,100,347,447
12.9,120,370,490
13.3,170,382,552
11.8,95,348,443
11.4,6,230,236
11.3,0,118,118
11.1,0,91,91
10.9,0,43,43
10.5,0,24,24
10.4,0,8,8
10.1,0,0,0
10.4,0,0,0
10.4,0,0,0
10.5,0,0,0
10.7,0,0,0
10.2,0,0,0
11.1,0,0,0
10.5,0,0,0
10.9,0,0,0
11,0,27,27
11,47,54,101
11.3,23,120,143
11.9,0,162,162
12.2,23,207,230
12.5,66,216,282
12.3,18,231,249
11.5,104,221,325
11.1,347,71,418
11.2,261,90,351
10.5,256,58,314
9.7,47,138,185
10,14,101,115
9.6,70,33,103
9.5,10,11,21
9.3,0,0,0
8.8,0,0,0
8.9,0,0,0
8.4,0,0,0
8.1,0,0,0
8.3,0,0,0
7.8,0,0,0
8,0,0,0
8.1,0,0,0
8.3,0,9,9
9,0,45,45
9.3,5,141,146
9.2,36,228,264
9.7,105,289,394
10.5,12,259,271
11.4,11,268,279
10.3,19,290,309
10.4,14,274,288
9.2,1,203,204
9,0,136,136
8.8,0,132,132
8.7,2,106,108
8.3,0,52,52
8,0,12,12
7.6,0,0,0
7.5,0,0,0
7.4,0,0,0
7.5,0,0,0
7.7,0,0,0
7.9,0,0,0
8.2,0,0,0
8.7,0,0,0
9.2,0,2,2
10.6,1,33,34
12.7,4,87,91
15.6,51,195,246
17.2,104,273,377
18.8,127,338,465
20,254,371,625
21,344,371,715
20.5,304,395,699
19.8,155,394,549
17.7,13,262,275
17.6,0,119,119
17,11,188,199
16,2,110,112
14.7,0,47,47
13.1,0,6,6
12.6,0,0,0
12.1,0,0,0
11.5,0,0,0
11,0,0,0
10.9,0,0,0
10.7,0,0,0
11,0,0,0
10.7,0,0,0
11,0,0,0
12,0,29,29
12.5,35,106,141
13.6,58,182,240
13.8,146,243,389
14.2,156,306,462
15,65,336,401
15.4,63,349,412
15.9,197,370,567
16.1,319,321,640
15.8,368,257,625
15.1,380,181,561
14.6,328,129,457
13.6,201,106,307
12.2,74,73,147
10.9,12,25,37
10.3,0,0,0
9.9,0,0,0
9.6,0,0,0
10.1,0,0,0
9.9,0,0,0
9.5,0,0,0
9.9,0,0,0
9.8,0,0,0
10.4,0,0,0
10.7,3,33,36
11.3,0,59,59
12.6,16,146,162
12.9,3,175,178
13.6,11,232,243
13.7,33,276,309
14.3,109,296,405
15.2,128,293,421
15.5,88,285,373
12.4,128,248,376
12.8,0,110,110
13.1,18,169,187
12.4,186,70,256
11,86,41,127
9.9,17,17,34
9.6,0,1,1
10.3,0,0,0
9.8,0,0,0
10.7,0,0,0
10.5,0,0,0
10.5,0,0,0
10.4,0,0,0
10.4,0,0,0
10.2,0,1,1
11,23,44,67
10.9,25,104,129
11.6,0,72,72
12.8,7,194,201
13.4,41,289,330
12.7,68,333,401
13.5,132,363,495
13.8,100,355,455
13.4,84,333,417
13.4,112,310,422
13.1,261,239,500
12.6,155,202,357
12,39,145,184
11.2,6,69,75
10.6,0,13,13
10.1,0,0,0
10.6,0,0,0
10.3,0,0,0
10.1,0,0,0
9.4,0,0,0
8.6,0,0,0
8.3,0,0,0
9.4,0,0,0
9.7,0,0,0
10.8,0,29,29
10.3,28,85,113
10.8,21,146,167
11.5,43,204,247
11.5,175,215,390
10.3,0,156,156
11.2,0,154,154
10,37,277,314
10,17,256,273
9.8,4,208,212
10.3,13,198,211
10.4,114,147,261
10.5,175,62,237
9.1,85,40,125
7.9,4,19,23
6.9,0,0,0
5.8,0,0,0
4.6,0,0,0
4.3,0,0,0
5.2,0,0,0
4.5,0,0,0
4.3,0,0,0
4.7,0,0,0
5.9,0,7,7
6.9,24,32,56
7.5,12,86,98
8.2,104,131,235
8.3,214,146,360
8.6,92,250,342
9.1,75,277,352
9.2,24,268,292
9.8,94,285,379
10.5,40,269,309
10.8,49,245,294
10.9,53,213,266
10.6,2,137,139
10.5,10,114,124
8.7,42,61,103
7.1,26,18,44
5.4,0,2,2
4.8,0,0,0
4.4,0,0,0
3.3,0,0,0
3.2,0,0,0
2.5,0,0,0
2,0,0,0
2,0,0,0
3.7,0,7,7
6.4,55,40,95
9.5,202,47,249
11,342,54,396
11.6,334,142,476
12.4,347,210,557
11.6,521,171,692
11.6,145,340,485
12,6,259,265
12.1,82,311,393
12.5,204,278,482
12.5,279,209,488
12.2,153,186,339
12.1,0,66,66
11,0,38,38
8.6,0,14,14
7.6,0,0,0
6.3,0,0,0
5.5,0,0,0
5.6,0,0,0
5.2,0,0,0
4.9,0,0,0
5.2,0,0,0
4.6,0,0,0
5.9,0,1,1
8.5,3,38,41
10.4,28,102,130
12.4,46,174,220
13.9,186,210,396
14.9,627,55,682
14.3,736,64,800
15.1,530,195,725
15.7,437,252,689
15.9,132,315,447
16,308,251,559
15.5,355,174,529
15.4,472,54,526
14.5,314,58,372
12.2,155,55,210
9.7,40,26,66
8.8,0,3,3
7.8,0,0,0
7.1,0,0,0
6.3,0,0,0
6.3,0,0,0
6.1,0,0,0
5.3,0,0,0
5.7,0,0,0
7.7,1,9,10
10.1,55,48,103
12,178,75,253
14,315,92,407
15.7,452,103,555
16.6,581,104,685
17.4,678,104,782
17.9,724,112,836
18.3,762,97,859
18.4,741,89,830
18.3,665,89,754
17.6,568,80,648
16.7,439,74,513
15.9,283,73,356
14.3,146,60,206
12.2,35,32,67
11.2,0,4,4
9.9,0,0,0
8.8,0,0,0
7.9,0,0,0
7.6,0,0,0
7.7,0,0,0
7.4,0,0,0
7.6,0,0,0
9.1,0,9,9
11.6,46,54,100
13.8,153,94,247
15.9,278,123,401
17.7,399,149,548
18.6,522,159,681
19.3,614,165,779
19.7,638,189,827
20.3,682,170,852
20.9,681,149,830
20.7,602,148,750
20.4,511,132,643
19.6,396,113,509
18.1,254,98,352
15.6,119,74,193
14.9,26,33,59
12.8,0,3,3
12.1,0,0,0
12,0,0,0
11.3,0,0,0
10.5,0,0,0
10,0,0,0
9.8,0,0,0
9.6,0,0,0
10.9,0,0,0
12.8,3,44,47
14.8,15,112,127
16.3,251,139,390
17.4,381,163,544
18,275,293,568
18.9,209,363,572
19,438,309,747
18.6,54,362,416
18.4,3,266,269
18.8,0,123,123
19.6,0,146,146
18.9,39,227,266
17.9,137,152,289
16.4,78,89,167
14.3,24,34,58
13.1,0,5,5
13.1,0,0,0
11.2,0,0,0
11.6,0,0,0
11.2,0,0,0
10.6,0,0,0
10.3,0,0,0
9.8,0,0,0
11.8,0,1,1
14.6,8,51,59
16.8,62,126,188
17.3,190,174,364
16.2,315,206,521
17.6,424,229,653
17.8,459,273,732
16.5,440,316,756
17,564,258,822
16.3,638,188,826
16.3,566,183,749
16.6,483,159,642
15.6,370,136,506
14.8,228,117,345
13.8,103,84,187
12.1,25,35,60
11.1,0,5,5
11.1,0,0,0
11.5,0,0,0
12,0,0,0
12.9,0,0,0
12.1,0,0,0
11,0,0,0
9.9,0,0,0
10,0,0,0
10.1,0,11,11
10.8,0,49,49
11.2,0,77,77
11.6,30,236,266
12.9,20,272,292
12.8,271,308,579
13.4,158,359,517
13.4,374,299,673
13.4,536,185,721
13.4,331,263,594
12.5,378,177,555
11.9,394,83,477
11.7,267,67,334
10.5,152,50,202
9.3,44,30,74
9.3,0,5,5
9.2,0,0,0
8,0,0,0
8.4,0,0,0
8.9,0,0,0
9.9,0,0,0
10.2,0,0,0
10.5,0,0,0
10.8,0,1,1
11.7,0,22,22
12.3,0,76,76
12.3,0,129,129
12,0,145,145
12.5,0,146,146
12.7,0,130,130
13,0,128,128
13.8,0,193,193
14.9,0,218,218
15.1,0,191,191
15.8,68,304,372
14.9,101,256,357
14,24,167,191
13.2,0,52,52
13.2,0,14,14
13.1,0,2,2
13.2,0,0,0
13,0,0,0
12.8,0,0,0
12.1,0,0,0
11.5,0,0,0
11.4,0,0,0
12,0,0,0
12.6,0,2,2
13.1,0,28,28
13.9,3,96,99
14.3,13,175,188
14.8,9,216,225
15.2,3,238,241
15.3,2,258,260
15.4,0,217,217
15.5,0,208,208
16,0,171,171
15.9,0,151,151
15.4,0,131,131
14.9,1,162,163
15.1,0,109,109
14.1,5,81,86
13.2,4,31,35
13,0,3,3
12.2,0,0,0
12.2,0,0,0
12.2,0,0,0
11.7,0,0,0
11.9,0,0,0
11.9,0,0,0
12,0,0,0
12,0,1,1
12.5,1,42,43
12.7,1,89,90
13.8,18,180,198
14.5,106,275,381
14.6,226,314,540
14.3,356,319,675
14.8,450,311,761
14.6,520,282,802
14.5,542,250,792
14.3,503,224,727
13.4,404,208,612
13.3,315,168,483
12.5,234,122,356
11.4,138,82,220
10,42,44,86
9.3,0,7,7
9.1,0,0,0
8.8,0,0,0
8.4,0,0,0
7.4,0,0,0
7.7,0,0,0
6.3,0,0,0
6.3,0,0,0
7.8,6,12,18
10.1,72,54,126
12.7,181,82,263
13.3,168,171,339
14,234,223,457
15.1,418,206,624
15.6,499,218,717
16.3,612,188,800
17,427,296,723
17.5,135,350,485
17.7,427,234,661
18.1,355,207,562
18.1,404,98,502
17.3,292,75,367
15,126,72,198
13.2,26,35,61
11.5,0,3,3
10.5,0,0,0
10.1,0,0,0
10.2,0,0,0
10.3,0,0,0
10.6,0,0,0
10.6,0,0,0
11,0,0,0
11.2,5,16,21
12.4,62,65,127
13.2,161,112,273
13.5,284,149,433
14.1,247,252,499
14.1,247,320,567
13.8,299,355,654
14.7,444,329,773
15.1,557,280,837
15.6,613,227,840
15.4,333,319,652
15.1,276,279,555
14.4,206,227,433
11.9,11,131,142
11.5,0,42,42
11.3,0,11,11
11,0,0,0
10.6,0,0,0
10.6,0,0,0
10.7,0,0,0
11.4,0,0,0
12,0,0,0
12,0,0,0
11.8,0,0,0
11.8,0,3,3
12.6,3,46,49
12.5,150,85,235
12.7,217,141,358
13.5,303,178,481
13.5,334,230,564
14,488,201,689
14.2,351,301,652
14.5,267,329,596
13.8,239,317,556
14,230,279,509
13.4,385,173,558
12.9,451,52,503
12.3,302,54,356
11.4,139,58,197
10.2,19,32,51
9.6,0,1,1
8.8,0,0,0
8.4,0,0,0
8.3,0,0,0
8.1,0,0,0
8,0,0,0
7.6,0,0,0
8.1,0,0,0
9.8,14,19,33
11.7,91,52,143
13.5,219,73,292
15.4,364,86,450
17.2,516,86,602
18.2,643,87,730
19.3,735,89,824
20,786,91,877
20,806,87,893
19.7,777,85,862
19.4,711,81,792
18.8,596,84,680
17.2,459,86,545
16.9,305,83,388
15.4,158,71,229
13.1,44,38,82
11.3,0,1,1
10.3,0,0,0
9.2,0,0,0
10.2,0,0,0
9.3,0,0,0
8.8,0,0,0
8.6,0,0,0
9.1,0,0,0
11.5,12,19,31
14.4,83,55,138
15.5,200,85,285
17.1,171,181,352
18.1,299,209,508
17.9,609,114,723
18.7,446,266,712
19.3,708,149,857
19.6,789,108,897
20,714,132,846
19.9,505,212,717
20.3,562,110,672
19.8,422,109,531
19.2,297,93,390
17.2,108,84,192
16.1,4,26,30
15.3,0,1,1
14.3,0,0,0
13.9,0,0,0
13.7,0,0,0
13.2,0,0,0
12.4,0,0,0
11.7,0,0,0
12.8,0,0,0
13.2,1,14,15
15.5,11,56,67
16.9,146,106,252
18.3,336,113,449
19.6,477,124,601
21,599,132,731
21.7,702,131,833
22.8,762,130,892
22.7,776,129,905
23.1,755,122,877
22.9,682,121,803
22.4,572,119,691
21.9,433,117,550
21.2,266,110,376
19.8,122,85,207
18.1,24,38,62
15.5,0,1,1
15.2,0,0,0
14.2,0,0,0
13.6,0,0,0
13,0,0,0
12.8,0,0,0
12.7,0,0,0
13,0,0,0
14.2,0,5,5
16.2,26,62,88
17.9,65,125,190
20.1,158,181,339
21.2,208,241,449
22.5,451,195,646
23.7,622,153,775
23.6,692,144,836
24.7,737,123,860
24.1,744,97,841
24.5,684,90,774
23.9,575,94,669
23,449,82,531
22.3,280,90,370
20.7,149,74,223
17.2,42,44,86
15.3,0,4,4
14.4,0,0,0
13.4,0,0,0
11.9,0,0,0
10.8,0,0,0
10.9,0,0,0
10.5,0,0,0
11.3,0,0,0
12.9,0,6,6
14.8,25,63,88
16.6,150,104,254
17.3,300,118,418
18.5,438,127,565
19,572,126,698
20.4,670,126,796
20.9,714,136,850
20.1,697,157,854
19.4,639,173,812
17.9,362,280,642
16.5,156,284,440
16.8,134,229,363
14.8,191,139,330
12.7,155,77,232
11.6,44,47,91
11.3,0,5,5
11.2,0,0,0
10.8,0,0,0
10.3,0,0,0
10.3,0,0,0
10.2,0,0,0
10.4,0,0,0
10.6,0,0,0
11,0,3,3
11.5,0,23,23
12.7,33,124,157
13,192,171,363
14,85,265,350
14,297,277,574
14.7,428,269,697
13.9,194,373,567
14,135,369,504
14.9,219,356,575
14.5,643,120,763
13.6,638,62,700
13.2,312,165,477
11.7,139,156,295
10.9,93,96,189
9.5,35,44,79
8.8,0,4,4
8,0,0,0
8.1,0,0,0
8.3,0,0,0
8.9,0,0,0
9.2,0,0,0
8.1,0,0,0
7.5,0,0,0
9.4,1,17,18
11.1,50,66,116
12,114,124,238
12.2,156,192,348
12.4,157,267,424
12.8,159,327,486
13.2,177,367,544
13.6,306,368,674
13.6,481,299,780
12.9,409,316,725
12.5,184,340,524
11.3,62,279,341
10.6,22,211,233
10,26,160,186
9.3,8,91,99
8.3,5,39,44
8,0,2,2
7.3,0,0,0
6.7,0,0,0
6.3,0,0,0
4.7,0,0,0
6.2,0,0,0
6,0,0,0
6.6,0,0,0
7.9,0,8,8
9.7,50,63,113
10.5,180,95,275
11.3,297,121,418
12.7,285,216,501
13.2,340,260,600
13.5,262,342,604
14,383,329,712
13.8,367,341,708
13.5,335,333,668
14.4,357,284,641
12.9,476,158,634
12.9,416,108,524
12.2,257,108,365
10.2,153,78,231
8.7,52,46,98
7.2,0,7,7
7,0,0,0
7.6,0,0,0
8.8,0,0,0
9.9,0,0,0
10.8,0,0,0
11,0,0,0
11.3,0,0,0
11.6,0,3,3
12.1,0,19,19
13.2,0,76,76
13.4,0,113,113
15.2,4,183,187
15.3,2,220,222
16.2,0,225,225
16.5,9,271,280
16.9,0,196,196
17.7,0,154,154
19.3,0,136,136
20.9,25,221,246
21.8,160,184,344
22,269,66,335
20.1,152,69,221
18.3,47,40,87
17.7,0,7,7
16.8,0,0,0
16.8,0,0,0
15.9,0,0,0
15.4,0,0,0
15.1,0,0,0
15.2,0,0,0
15.4,0,0,0
15.7,0,3,3
16.1,0,12,12
17,0,38,38
17.7,0,87,87
18.7,2,181,183
20.1,48,287,335
20.4,177,314,491
21,203,326,529
19.4,45,318,363
18.2,0,132,132
16.7,0,100,100
15.7,0,101,101
15.1,0,59,59
15.1,0,44,44
14.5,2,69,71
14.3,8,39,47
14.1,0,8,8
12.9,0,0,0
11.7,0,0,0
10.5,0,0,0
10.6,0,0,0
11.5,0,0,0
11.7,0,0,0
12.6,0,0,0
13.1,0,3,3
14,0,38,38
14.6,126,77,203
15.5,131,143,274
16.3,248,164,412
16.6,103,271,374
17.7,340,219,559
17.7,271,266,537
17.4,67,308,375
17.4,147,294,441
16.7,221,241,462
16.4,55,228,283
15.9,18,175,193
15.8,50,143,193
15,44,85,129
13.3,66,29,95
12.9,6,10,16
13.4,0,0,0
13.4,0,0,0
13.9,0,0,0
13.7,0,0,0
13.5,0,0,0
13.6,0,0,0
14,0,0,0
13.6,0,5,5
13.6,0,15,15
13.9,25,75,100
14.7,30,129,159
15.5,0,138,138
16.2,5,211,216
16.4,0,204,204
16.7,0,136,136
17,0,187,187
16.9,0,194,194
16.8,0,164,164
16.8,0,98,98
16.8,0,84,84
16.6,0,61,61
16.5,0,28,28
16.4,0,14,14
16.6,0,3,3
16.3,0,0,0
16.2,0,0,0
16.3,0,0,0
16.1,0,0,0
15.5,0,0,0
15.6,0,0,0
14.9,0,0,0
14.8,0,11,11
15.2,8,50,58
15.1,0,66,66
15.2,0,65,65
16,3,181,184
16.3,64,272,336
16.4,5,244,249
17,13,274,287
17.5,40,297,337
15.9,17,267,284
14.7,10,228,238
14.3,0,98,98
14.5,0,59,59
15,3,113,116
14.7,24,86,110
12.9,73,33,106
12,8,12,20
11.9,0,0,0
11.2,0,0,0
11.4,0,0,0
11,0,0,0
10,0,0,0
9.8,0,0,0
10.1,0,0,0
11.3,7,21,28
13.7,67,70,137
15.1,186,106,292
16.5,313,134,447
17.2,387,181,568
18,428,238,666
19.4,306,343,649
19.1,173,392,565
19.6,119,390,509
19.7,191,382,573
19.6,323,321,644
19.5,346,251,597
18.6,230,222,452
16.1,137,173,310
14.8,6,88,94
13.8,8,46,54
13.6,4,14,18
13.5,0,0,0
13.5,0,0,0
13.1,0,0,0
12.4,0,0,0
11.7,0,0,0
11.4,0,0,0
10.8,0,0,0
10.5,0,4,4
10.1,0,14,14
9.5,0,35,35
9.8,0,63,63
10.3,0,86,86
11.2,0,116,116
12,0,131,131
12,0,188,188
11.6,0,194,194
12.2,0,153,153
13,0,153,153
12.5,78,233,311
12.2,98,185,283
11.7,83,135,218
10.9,102,68,170
10.1,61,29,90
9.8,0,4,4
8.4,0,0,0
8,0,0,0
8.2,0,0,0
8.2,0,0,0
9,0,0,0
8.2,0,0,0
8.4,0,0,0
10.5,1,15,16
11.8,63,59,122
12.3,185,82,267
13,242,142,384
13.5,133,255,388
13.4,95,315,410
14,151,348,499
14.3,146,362,508
14.8,275,350,625
14.7,473,252,725
15.1,719,63,782
15.6,658,58,716
15.6,483,99,582
15.7,348,71,419
14.6,222,48,270
10.7,60,45,105
9.1,2,10,12
8.3,0,0,0
8,0,0,0
7.6,0,0,0
6.7,0,0,0
6.7,0,0,0
6.5,0,0,0
7.2,0,0,0
9.4,0,13,13
11.4,32,71,103
13.6,157,118,275
15.5,288,148,436
16.5,446,155,601
17.1,568,169,737
17,493,269,762
18.2,634,226,860
17.9,450,335,785
18.3,288,377,665
18.3,173,354,527
18.7,382,242,624
17.8,389,162,551
17,179,165,344
15.7,61,117,178
15,5,44,49
14.2,0,6,6
14,0,0,0
14.1,0,0,0
13.5,0,0,0
12.7,0,0,0
12.5,0,0,0
12.3,0,0,0
11.9,0,0,0
12,0,3,3
12.7,0,18,18
13.7,0,78,78
15.3,10,165,175
16.8,149,239,388
17.6,397,194,591
18.6,222,318,540
19.3,193,342,535
20.3,228,340,568
19.3,325,293,618
19.7,242,284,526
18.8,179,249,428
17.8,240,173,413
16.7,90,154,244
16.9,32,100,132
14.3,5,40,45
12.2,0,9,9
11.8,0,0,0
11.3,0,0,0
10.1,0,0,0
9.3,0,0,0
9.3,0,0,0
8.9,0,0,0
9.3,0,0,0
11.4,0,5,5
13.4,0,27,27
15.9,22,128,150
17.1,77,213,290
17.6,129,285,414
18.2,252,323,575
18.3,204,385,589
18.4,319,385,704
18.1,389,368,757
18.2,447,325,772
17.2,442,284,726
16.5,336,268,604
15.3,197,242,439
14.9,91,187,278
13.3,24,111,135
12.3,13,52,65
12.3,5,14,19
12.1,0,0,0
12.1,0,0,0
12.5,0,0,0
12.3,0,0,0
12.3,0,0,0
12.2,0,0,0
12.2,0,0,0
12.4,0,11,11
12.5,14,54,68
13,35,111,146
13.7,83,174,257
14.1,194,206,400
14.1,343,197,540
14.1,291,267,558
14.6,215,311,526
14.7,168,323,491
14.4,146,310,456
14.1,129,284,413
14.3,189,230,419
13.7,100,201,301
13.1,156,125,281
12.3,209,47,256
11.7,87,36,123
11.3,11,11,22
11.1,0,0,0
11.2,0,0,0
11.5,0,0,0
11.1,0,0,0
10.7,0,0,0
11,0,0,0
11,0,0,0
11.8,0,2,2
13.1,11,62,73
13.7,115,133,248
14.8,276,158,434
15.8,416,176,592
16.2,514,201,715
16.8,404,317,721
16.9,626,237,863
17.6,645,237,882
17.7,646,218,864
17.1,621,189,810
17,536,171,707
17,404,160,564
16.7,283,132,415
16.3,159,101,260
13.1,55,60,115
12.4,4,15,19
10.4,0,0,0
11.7,0,0,0
12.3,0,0,0
12.1,0,0,0
12.5,0,0,0
13.1,0,0,0
13.4,0,0,0
13.4,0,3,3
14.3,0,12,12
14.7,0,32,32
15,0,74,74
15.4,0,116,116
15.6,0,147,147
16.1,0,141,141
16.8,0,146,146
17.5,1,240,241
17.9,7,270,277
18.3,11,257,268
18.5,49,273,322
17.9,106,235,341
17.9,153,161,314
16.7,119,97,216
14.8,30,53,83
13.8,3,12,15
13.3,0,0,0
12.8,0,0,0
13.5,0,0,0
13.8,0,0,0
13.4,0,0,0
13.5,0,0,0
13.9,0,0,0
13.6,0,3,3
13.8,0,13,13
15.3,0,44,44
15.5,0,122,122
16.2,0,137,137
16.3,0,159,159
16.8,0,154,154
18.6,0,233,233
19.1,42,306,348
19.3,93,300,393
19.8,275,217,492
19.9,465,74,539
20.5,378,60,438
21.4,286,58,344
19.4,190,55,245
18.3,71,45,116
17.3,6,11,17
17.2,0,0,0
17.3,0,0,0
17.2,0,0,0
16.9,0,0,0
16.1,0,0,0
16.4,0,0,0
16.5,0,0,0
16.9,0,14,14
18.9,36,71,107
21.1,134,125,259
23,196,189,385
23.9,211,265,476
25.2,386,265,651
26.2,496,267,763
27.1,714,183,897
27.8,724,186,910
28.2,717,174,891
28.3,593,198,791
29,269,290,559
28.8,365,173,538
28.1,294,125,419
25.2,136,104,240
23,15,53,68
20.9,0,4,4
20.1,0,0,0
18.8,0,0,0
18.1,0,0,0
16.4,0,0,0
16.1,0,0,0
15.9,0,0,0
16,0,0,0
16,13,23,36
16.6,20,68,88
16.6,0,53,53
15.1,0,55,55
16.5,0,70,70
19.2,63,327,390
19.7,510,252,762
18.6,584,248,832
18.8,374,360,734
18.4,415,328,743
17.9,519,233,752
17.2,257,288,545
17,85,250,335
16.1,95,181,276
15.2,44,116,160
14.4,0,33,33
14.2,0,7,7
13.6,0,0,0
13.3,0,0,0
13.1,0,0,0
13.1,0,0,0
12.4,0,0,0
12.3,0,0,0
12.7,0,0,0
14.5,0,7,7
15.2,0,22,22
16.2,2,86,88
16.5,38,157,195
17.2,127,197,324
16.9,36,252,288
16.9,0,225,225
16.3,0,211,211
15.2,0,190,190
14.9,8,254,262
14.3,4,217,221
14.1,0,179,179
14,0,116,116
13.8,0,96,96
13.5,0,40,40
13.6,0,23,23
13.5,0,4,4
13.1,0,0,0
13.5,0,0,0
13.7,0,0,0
13.8,0,0,0
13.8,0,0,0
13.9,0,0,0
13.9,0,0,0
14,0,3,3
14.3,0,12,12
14.4,0,33,33
14.8,0,83,83
15.7,0,124,124
16.1,0,186,186
16.8,0,201,201
17.2,0,210,210
17.6,4,277,281
18.6,20,314,334
19,3,235,238
19.5,41,291,332
19.7,66,264,330
19,46,189,235
18.3,50,125,175
17.1,12,54,66
16.8,0,7,7
16.3,0,0,0
16.4,0,0,0
16.5,0,0,0
16.5,0,0,0
16.2,0,0,0
16.1,0,0,0
15.6,0,0,0
16.3,0,11,11
17.8,2,48,50
18.9,47,131,178
20,137,201,338
21.3,171,269,440
21.5,113,332,445
22.7,0,204,204
22.8,154,389,543
23.6,601,255,856
24,552,265,817
24.1,423,287,710
23.8,415,226,641
18.6,110,256,366
16.6,0,42,42
16.9,0,27,27
16.5,0,15,15
16.2,0,3,3
15.3,0,0,0
14.3,0,0,0
13.2,0,0,0
12.6,0,0,0
12.2,0,0,0
12.5,0,0,0
12.4,0,0,0
12.9,0,3,3
12.9,0,18,18
13.7,0,61,61
13.9,22,165,187
13.5,70,231,301
14,20,254,274
14.3,180,287,467
14.5,29,296,325
14.4,39,311,350
15,261,265,526
14,163,268,431
13.3,12,221,233
13.3,0,116,116
13.1,0,75,75
13,0,59,59
13,0,24,24
12.9,0,2,2
12.7,0,0,0
12.7,0,0,0
12.4,0,0,0
12.3,0,0,0
12.2,0,0,0
12,0,0,0
12,0,0,0
12.1,0,3,3
12.6,0,16,16
12.5,0,43,43
12.7,0,75,75
13,0,109,109
13,0,145,145
13.5,0,151,151
13.4,0,140,140
13.7,0,198,198
13.5,12,275,287
13.5,7,240,247
13.1,10,217,227
12.8,9,178,187
12.5,6,127,133
12.3,6,82,88
11.9,0,34,34
11.7,0,4,4
11.5,0,0,0
11.2,0,0,0
11.1,0,0,0
11.1,0,0,0
10.9,0,0,0
11.2,0,0,0
10.9,0,0,0
11.4,0,6,6
11.9,1,47,48
12.5,6,104,110
13.5,42,195,237
13.5,5,203,208
13.5,0,169,169
14.4,0,206,206
14.6,0,182,182
14.4,0,229,229
14.2,0,218,218
14.6,0,167,167
14.9,4,215,219
14.6,0,139,139
14.3,0,95,95
14.1,0,58,58
13.9,0,33,33
13.8,0,2,2
13.9,0,0,0
13.7,0,0,0
13.8,0,0,0
13.8,0,0,0
13.6,0,0,0
13.4,0,0,0
13.4,0,0,0
13.6,0,3,3
14.3,1,44,45
14.6,20,121,141
15.7,5,156,161
16.4,28,251,279
17.4,28,293,321
18.1,1,244,245
18.8,10,294,304
19.6,30,340,370
20.7,103,374,477
21.4,237,346,583
21.5,201,305,506
21.1,232,235,467
20.6,134,185,319
20.2,102,118,220
19.1,46,62,108
18.8,2,12,14
18.2,0,0,0
18.1,0,0,0
18.7,0,0,0
19.1,0,0,0
19.1,0,0,0
19.2,0,0,0
18.6,0,0,0
19.3,8,24,32
21,2,49,51
20.3,21,133,154
20.3,60,225,285
20.8,72,298,370
21.5,193,372,565
22.4,277,414,691
22.2,163,441,604
22.7,81,409,490
20.1,10,305,315
18.3,15,292,307
18.9,0,111,111
19.6,0,154,154
19.1,0,118,118
17.8,5,97,102
17.1,2,40,42
16.6,0,4,4
16.5,0,0,0
16.1,0,0,0
15.7,0,0,0
15,0,0,0
14.5,0,0,0
13.8,0,0,0
14.3,0,0,0
15.4,5,18,23
16.9,31,61,92
18.4,128,109,237
19.6,202,160,362
19.6,79,259,338
21,71,306,377
22.4,261,324,585
23,309,336,645
23.8,299,339,638
24.1,574,204,778
23.6,530,189,719
23.4,517,135,652
22.1,216,207,423
22,241,124,365
20.6,166,80,246
18.1,45,52,97
16.6,7,11,18
15.8,0,0,0
15.7,0,0,0
16.3,0,0,0
16.2,0,0,0
16.4,0,0,0
15.3,0,0,0
15.5,0,0,0
15.8,5,17,22
16,34,60,94
17.1,128,109,237
17.6,257,139,396
17.4,294,207,501
17.8,365,247,612
18.1,250,342,592
18.7,329,348,677
19.1,646,200,846
18.8,257,358,615
18,44,295,339
17.8,277,264,541
17.2,292,191,483
16.3,142,166,308
15.5,35,106,141
13,15,48,63
12.4,0,2,2
10.6,0,0,0
12.1,0,0,0
11.6,0,0,0
12.1,0,0,0
11.5,0,0,0
11.4,0,0,0
10.6,0,0,0
11.9,0,6,6
14,5,48,53
15.1,138,104,242
16.5,301,115,416
17.4,450,120,570
18.1,432,209,641
18.7,382,290,672
18.1,244,367,611
19.1,124,370,494
19.3,225,357,582
19.7,184,326,510
19.2,41,260,301
19.5,67,223,290
19.3,86,170,256
18.1,25,102,127
16.7,23,52,75
15.2,0,6,6
14.7,0,0,0
13.4,0,0,0
13.3,0,0,0
12.7,0,0,0
11.3,0,0,0
11.2,0,0,0
11.3,0,0,0
13.5,4,15,19
15.5,58,53,111
17.3,209,63,272
18.9,361,66,427
19.5,483,75,558
20.3,537,121,658
20.2,493,204,697
20.8,120,349,469
20.8,131,350,481
21.3,73,331,404
21.8,254,293,547
22.1,307,224,531
21.7,230,190,420
21.2,113,155,268
20.2,98,93,191
18.6,62,46,108
16.5,1,9,10
15.5,0,0,0
14.5,0,0,0
14,0,0,0
13.6,0,0,0
13,0,0,0
13.4,0,0,0
13.4,0,0,0
14.7,0,13,13
16.4,41,51,92
18.7,184,62,246
19.4,347,54,401
19.9,293,167,460
20.5,272,242,514
21.3,328,266,594
22.2,175,332,507
22.6,231,326,557
23,295,293,588
22.8,345,242,587
22.4,309,205,514
21.9,299,144,443
21.6,151,135,286
20.1,54,96,150
18.8,5,39,44
17.5,0,2,2
16.4,0,0,0
15.5,0,0,0
14.9,0,0,0
14.6,0,0,0
14.5,0,0,0
15,0,0,0
15.8,0,0,0
17,0,13,13
18.5,0,32,32
18.8,3,89,92
19.3,5,147,152
19,0,73,73
20,0,194,194
20.6,259,283,542
20.8,442,301,743
21.6,472,295,767
21,737,121,858
20.6,439,255,694
21.2,453,183,636
20.6,451,107,558
19.9,278,114,392
18,82,97,179
17,0,30,30
16.2,0,2,2
16.2,0,0,0
15.7,0,0,0
15.8,0,0,0
15.4,0,0,0
14.7,0,0,0
13.9,0,0,0
13.7,0,0,0
14.8,5,15,20
15.9,42,61,103
17.1,224,66,290
17.3,319,97,416
18.6,243,216,459
18.8,175,306,481
19.8,290,252,542
20.4,155,355,510
17.5,66,327,393
18.2,41,302,343
18.4,148,311,459
19.5,263,257,520
18.6,354,146,500
17.8,197,141,338
16.6,138,80,218
16,74,44,118
14.7,7,9,16
13.3,0,0,0
13.7,0,0,0
13.6,0,0,0
13.3,0,0,0
13.3,0,0,0
12.7,0,0,0
12.8,0,0,0
14.4,0,10,10
15.4,38,58,96
17,59,116,175
17.4,44,182,226
18.1,90,251,341
18.3,86,307,393
18,38,300,338
18.7,160,354,514
18.9,330,333,663
19.4,367,305,672
18.6,290,297,587
18.2,303,242,545
17.6,204,210,414
17,13,143,156
16.5,23,87,110
15.8,11,41,52
15.4,0,1,1
15,0,0,0
13.3,0,0,0
13.6,0,0,0
13.2,0,0,0
13.5,0,0,0
12.8,0,0,0
13.2,0,0,0
13.4,0,6,6
14.3,0,34,34
15.2,66,112,178
15.9,160,164,324
15.9,119,247,366
15.7,187,298,485
17.1,156,303,459
17.1,170,352,522
16.7,159,345,504
17.1,138,330,468
16.7,215,305,520
16.5,153,269,422
15.6,210,203,413
14.7,26,152,178
13.3,100,85,185
12.6,40,40,80
12.8,14,4,18
12.7,0,0,0
12.1,0,0,0
12.3,0,0,0
11.8,0,0,0
12,0,0,0
12,0,0,0
12.1,0,0,0
12,5,17,22
12.5,51,61,112
13.6,33,117,150
13.5,25,178,203
15.2,8,202,210
16.7,64,312,376
17.5,122,325,447
17.5,115,369,484
17.1,86,350,436
15.3,45,313,358
15.3,0,151,151
15.8,0,118,118
15.8,0,148,148
15.4,0,101,101
15.1,7,80,87
14.7,15,42,57
14.4,0,2,2
13.8,0,0,0
14,0,0,0
13.4,0,0,0
13.6,0,0,0
13.6,0,0,0
13.6,0,0,0
13.2,0,0,0
13.6,0,9,9
14.2,13,51,64
14.5,19,109,128
14.2,126,178,304
15.3,94,253,347
14.9,97,312,409
15.8,144,310,454
16.4,99,353,452
16.6,173,358,531
16.5,226,346,572
16.7,312,297,609
16.4,203,246,449
15.9,164,222,386
15.2,121,164,285
14.8,49,90,139
13.9,9,39,48
14,0,5,5
13.9,0,0,0
13.5,0,0,0
12.4,0,0,0
13,0,0,0
12.3,0,0,0
12.3,0,0,0
11.9,0,0,0
12.6,3,12,15
14.3,67,54,121
15.7,123,102,225
17,281,114,395
17.7,503,89,592
18.8,391,221,612
19.1,273,275,548
18.8,20,296,316
18.6,2,233,235
18.5,0,182,182
17.3,0,125,125
17,0,132,132
16.2,0,81,81
16.2,0,85,85
16.3,0,56,56
16.3,0,20,20
16.5,2,8,10
16,0,0,0
14.8,0,0,0
14.3,0,0,0
13.7,0,0,0
13.5,0,0,0
13.5,0,0,0
14.3,0,0,0
14.9,0,5,5
16.1,6,45,51
17.1,85,111,196
18.6,80,181,261
18.7,83,249,332
19.3,42,282,324
19.8,85,322,407
19.3,0,201,201
21,72,336,408
22.1,311,321,632
21.8,430,239,669
21.3,498,141,639
20.6,261,187,448
19.7,21,149,170
18.4,0,65,65
17.3,0,22,22
16.5,0,1,1
15.4,0,0,0
14.5,0,0,0
14.1,0,0,0
13.3,0,0,0
12.6,0,0,0
12.3,0,0,0
12.3,0,0,0
15.1,4,12,16
17.7,53,52,105
19.7,39,113,152
21.5,173,160,333
22.7,298,188,486
22.7,145,310,455
23.6,13,275,288
24.5,274,348,622
25.1,689,151,840
25.3,513,240,753
26.3,582,159,741
25.2,529,127,656
24.3,116,223,339
22.3,0,86,86
21.2,8,79,87
19.1,16,41,57
17.7,1,6,7
17,0,0,0
16.1,0,0,0
15.6,0,0,0
14.9,0,0,0
15.5,0,0,0
15.2,0,0,0
15.8,0,0,0
16.7,8,15,23
19.1,33,53,86
21.5,168,83,251
23.3,310,98,408
24,450,106,556
24.7,563,116,679
25.7,639,134,773
25,627,181,808
24.1,54,334,388
23,82,333,415
22.1,246,308,554
22.7,337,223,560
22.5,439,104,543
20.7,289,100,389
19.1,156,82,238
17.8,45,49,94
16.1,0,8,8
16.2,0,0,0
16.3,0,0,0
15.1,0,0,0
15,0,0,0
15.2,0,0,0
15.2,0,0,0
14.7,0,0,0
16.6,6,13,19
18.1,67,46,113
18.8,186,65,251
20,327,72,399
20.6,413,109,522
21.3,465,156,621
21.8,433,232,665
21.8,442,262,704
22.4,411,286,697
23.5,406,234,640
22.6,526,159,685
22.5,218,231,449
22.3,481,62,543
21.4,316,72,388
21,149,76,225
17.9,47,45,92
16.7,1,7,8
15.7,0,0,0
15,0,0,0
15.4,0,0,0
15.8,0,0,0
15.4,0,0,0
15.3,0,0,0
15.7,0,0,0
16.8,0,4,4
18.9,42,55,97
21.2,118,104,222
23.1,248,134,382
23.3,217,230,447
23.5,15,252,267
21.5,0,189,189
19.4,0,115,115
19.1,0,139,139
19.5,0,137,137
20.7,0,142,142
22.1,76,269,345
22.1,350,162,512
21.3,270,119,389
20.8,91,103,194
17.9,25,48,73
17.2,0,2,2
16.3,0,0,0
15.9,0,0,0
15.5,0,0,0
16.1,0,0,0
15.6,0,0,0
15.9,0,0,0
16.1,0,0,0
16.3,0,2,2
16.3,0,15,15
16.5,0,28,28
17.1,0,87,87
17,0,131,131
17.5,2,195,197
17.9,36,288,324
19.2,47,306,353
19.5,168,322,490
19.5,138,308,446
19.4,2,203,205
19.3,35,233,268
19,118,199,317
18.3,27,139,166
17.1,52,89,141
16.2,0,19,19
16,0,4,4
15.8,0,0,0
15.6,0,0,0
15.1,0,0,0
14.6,0,0,0
14.4,0,0,0
13.7,0,0,0
13.6,0,0,0
14.8,4,11,15
15.9,28,47,75
16.7,55,102,157
16.5,11,143,154
17.4,103,228,331
18.6,243,259,502
19.1,150,321,471
19.3,163,338,501
19.6,246,331,577
17.7,239,305,544
17.9,74,281,355
18.7,153,244,397
18.6,291,160,451
17.7,230,112,342
16.9,89,89,178
14.6,14,40,54
14.3,0,1,1
14.3,0,0,0
13.8,0,0,0
13.7,0,0,0
13.4,0,0,0
13.1,0,0,0
12.8,0,0,0
12.7,0,0,0
13.7,0,2,2
14.5,0,22,22
15.2,0,57,57
15.3,3,125,128
15.4,0,96,96
16.3,0,100,100
16.7,0,157,157
17.5,63,324,387
17.8,132,344,476
17.7,448,224,672
17.8,422,211,633
17.9,301,228,529
17.7,208,205,413
16.8,253,114,367
16.3,142,86,228
15.4,36,47,83
14.7,0,5,5
14.2,0,0,0
14.4,0,0,0
12.5,0,0,0
13,0,0,0
13.7,0,0,0
12.6,0,0,0
12.4,0,0,0
13.1,1,12,13
15,49,53,102
16.6,157,88,245
18.1,282,112,394
19,320,176,496
19.5,366,231,597
19.8,492,227,719
20.6,612,199,811
20.9,726,140,866
21.5,217,333,550
21.2,67,289,356
21,201,258,459
20.7,138,226,364
20.2,26,149,175
18.9,24,96,120
18.1,8,38,46
17.7,0,4,4
17.2,0,0,0
16.7,0,0,0
15.9,0,0,0
15,0,0,0
14.2,0,0,0
14.2,0,0,0
15.2,0,0,0
15.9,0,4,4
18.3,17,49,66
20.5,105,105,210
22.2,192,153,345
23.6,290,194,484
24.8,344,246,590
25.3,455,250,705
25.8,606,202,808
26.2,669,176,845
25.9,639,178,817
26.2,503,215,718
26.5,417,197,614
25.5,342,158,500
24.4,230,128,358
22.1,120,91,211
20.2,30,46,76
19,0,4,4
17.4,0,0,0
16.3,0,0,0
16,0,0,0
16,0,0,0
16.1,0,0,0
14.2,0,0,0
14.3,0,0,0
16.2,0,1,1
17.8,15,44,59
19.7,93,97,190
22.1,160,152,312
23.5,205,216,421
24.2,454,163,617
24.9,618,126,744
23.1,532,220,752
23.8,255,345,600
19.7,9,269,278
21.4,0,132,132
20.6,11,225,236
20.3,90,221,311
20.6,28,154,182
19.2,89,89,178
17.9,28,41,69
17.8,1,8,9
17.6,0,0,0
17.2,0,0,0
16.3,0,0,0
16.4,0,0,0
15.9,0,0,0
15.9,0,0,0
15.3,0,0,0
15.6,0,2,2
17.6,10,50,60
18.1,62,133,195
19.1,51,206,257
19.7,23,249,272
20.2,121,361,482
20.7,221,412,633
22.1,351,415,766
22.9,450,388,838
22.8,438,377,815
22,326,378,704
22,289,324,613
21.4,165,268,433
20.5,37,170,207
19,2,78,80
17.2,0,26,26
16.9,0,1,1
16.4,0,0,0
15.9,0,0,0
15.7,0,0,0
15.8,0,0,0
15.6,0,0,0
15.5,0,0,0
15.4,0,0,0
15.6,0,0,0
16.4,0,11,11
17.2,1,70,71
18.1,11,149,160
19,30,227,257
20.1,24,267,291
21.4,59,325,384
22.7,357,297,654
20.9,148,349,497
19,0,115,115
17.1,0,103,103
17.7,0,126,126
17.8,0,76,76
17.3,0,39,39
16.8,0,35,35
16.4,12,37,49
16.2,2,7,9
15.7,0,0,0
15.4,0,0,0
15.6,0,0,0
14.9,0,0,0
15.1,0,0,0
14.9,0,0,0
15.3,0,0,0
15.5,0,1,1
16.5,0,8,8
17.8,1,72,73
19,69,152,221
20.3,112,204,316
20,122,254,376
19.2,0,207,207
19.3,4,241,245
19.7,17,268,285
20.2,257,252,509
19.7,139,260,399
19.1,55,229,284
18.7,296,89,385
18.2,236,62,298
16.9,138,49,187
15.4,43,33,76
14.9,3,6,9
13.6,0,0,0
13.3,0,0,0
13.7,0,0,0
13.8,0,0,0
14.2,0,0,0
14.6,0,0,0
14.6,0,0,0
15.2,0,3,3
16.2,0,19,19
17.8,0,49,49
18.7,0,100,100
19.1,2,161,163
19.5,0,130,130
19.3,10,258,268
20.1,172,314,486
19.4,348,275,623
19.5,35,283,318
19.3,21,250,271
18.3,75,246,321
17.8,146,182,328
17.4,153,122,275
16.2,130,60,190
15.8,38,32,70
15.4,0,5,5
15.1,0,0,0
15.1,0,0,0
15.1,0,0,0
14.5,0,0,0
14.3,0,0,0
13.7,0,0,0
14.2,0,0,0
15.8,0,1,1
16.7,19,42,61
17.4,88,95,183
18.1,203,131,334
18.6,285,180,465
18.9,355,222,577
19.5,428,243,671
19.9,237,349,586
19.9,334,327,661
19.5,396,287,683
19,121,311,432
18.8,173,270,443
18.5,68,217,285
18.1,76,158,234
17,51,96,147
16.5,6,34,40
16.7,0,2,2
16.5,0,0,0
16.1,0,0,0
16.1,0,0,0
15.5,0,0,0
15,0,0,0
14.9,0,0,0
14.2,0,0,0
15.1,0,2,2
16.4,0,21,21
16.4,41,95,136
17.8,41,164,205
19.2,166,207,373
19.7,246,241,487
19.7,266,278,544
20.4,426,236,662
19.9,687,91,778
20.2,640,106,746
20,344,231,575
19.6,399,149,548
19.6,198,163,361
19.3,15,120,135
17.5,155,53,208
15.4,45,33,78
14.8,1,6,7
13.9,0,0,0
12.8,0,0,0
12.8,0,0,0
11.9,0,0,0
11.3,0,0,0
10.5,0,0,0
10.6,0,0,0
12.1,0,0,0
14.3,11,43,54
16.8,79,111,190
19.9,173,165,338
21.3,233,232,465
22,263,297,560
22.5,222,362,584
23.8,271,382,653
24.8,387,352,739
24.2,334,356,690
23.7,184,350,534
23.2,51,275,326
21.6,3,167,170
20.4,5,120,125
17.5,0,62,62
17.3,0,16,16
16.7,0,0,0
16.8,0,0,0
16.8,0,0,0
16.6,0,0,0
15.6,0,0,0
14.4,0,0,0
13.5,0,0,0
13.3,0,0,0
13.7,0,0,0
14.4,0,13,13
14.3,0,28,28
15.8,0,77,77
16.4,0,114,114
16.7,14,234,248
16,213,264,477
15.4,0,192,192
17.7,131,297,428
17.2,49,280,329
17.7,36,251,287
17,81,231,312
16.6,170,155,325
16.3,92,119,211
15,34,83,117
14.8,33,30,63
14.7,0,5,5
14,0,0,0
14,0,0,0
13.9,0,0,0
14,0,0,0
13.8,0,0,0
14,0,0,0
13.8,0,0,0
14.1,0,0,0
14.8,0,6,6
15,0,18,18
18,0,76,76
17.9,147,217,364
17.9,513,94,607
19.2,373,245,618
18.4,89,337,426
19.2,123,349,472
19.2,226,330,556
18.3,112,306,418
19.5,136,262,398
19.4,236,164,400
18.9,287,60,347
17.6,141,55,196
15.9,28,28,56
15,0,0,0
14,0,0,0
13.7,0,0,0
13.5,0,0,0
13.5,0,0,0
13.8,0,0,0
13.4,0,0,0
14,0,0,0
14.4,0,0,0
15.3,22,16,38
16.6,30,55,85
17.6,50,104,154
18.8,65,153,218
19.3,250,89,339
19.9,369,75,444
21,40,233,273
21.5,0,155,155
21.1,110,199,309
20.8,0,165,165
20.6,0,126,126
20,25,141,166
19.8,20,96,116
19.3,0,47,47
18.4,0,9,9
17.7,0,0,0
17.1,0,0,0
15.9,0,0,0
16.1,0,0,0
15.6,0,0,0
14.9,0,0,0
15.6,0,0,0
15.2,0,0,0
15,0,0,0
16,11,28,39
18,81,76,157
20.3,132,141,273
19.6,102,229,331
20.1,174,276,450
21.7,178,322,500
22.2,191,346,537
22.3,149,353,502
22.9,116,337,453
23.1,116,307,423
22.2,213,245,458
21.4,237,165,402
20.2,63,146,209
18.6,15,78,93
17.3,2,16,18
16.7,0,0,0
16.5,0,0,0
15.8,0,0,0
15.1,0,0,0
14.5,0,0,0
13.6,0,0,0
13.3,0,0,0
13,0,0,0
13.5,0,0,0
14.9,8,26,34
18,61,78,139
19.3,234,77,311
19.9,410,60,470
20.4,564,50,614
22.5,463,179,642
21.5,442,228,670
22.3,429,246,675
22.7,284,297,581
21.9,354,229,583
21.1,510,71,581
20.2,403,82,485
18.7,291,56,347
16.5,137,47,184
14.5,24,24,48
13.6,0,0,0
12.6,0,0,0
12.2,0,0,0
12.1,0,0,0
11.4,0,0,0
11.5,0,0,0
11.4,0,0,0
11,0,0,0
11.4,0,0,0
14.4,14,31,45
17.9,103,73,176
19.7,238,95,333
21.3,376,107,483
22.3,442,148,590
23,402,242,644
23.5,398,281,679
23.9,440,270,710
24.3,637,133,770
24.4,655,80,735
24.3,542,85,627
24,399,89,488
23.4,262,81,343
20.7,114,67,181
18.9,17,27,44
17.9,0,0,0
16.1,0,0,0
15.1,0,0,0
14.5,0,0,0
13.9,0,0,0
14.4,0,0,0
14.7,0,0,0
14.1,0,0,0
15.8,0,0,0
18.5,17,28,45
19.8,130,49,179
20.8,281,57,338
21.5,402,82,484
22.5,301,203,504
23.1,233,286,519
23.8,237,312,549
24.9,305,294,599
24.8,429,220,649
24.8,329,232,561
24.5,519,63,582
24,412,73,485
22.7,276,65,341
20.4,132,47,179
18.9,20,23,43
17.4,0,0,0
16.9,0,0,0
16.9,0,0,0
17.1,0,0,0
17,0,0,0
16.7,0,0,0
16.1,0,0,0
16.5,0,0,0
15.7,0,0,0
17.7,3,26,29
19.9,58,85,143
21.2,165,126,291
23.2,310,136,446
23.6,466,124,590
24.7,545,140,685
24.5,620,132,752
24.8,515,208,723
24.6,249,320,569
24.5,172,305,477
23.4,92,260,352
22.8,32,188,220
22,80,139,219
19.6,77,68,145
18.4,12,20,32
17.7,0,0,0
17.2,0,0,0
16.7,0,0,0
16.9,0,0,0
16.7,0,0,0
16.2,0,0,0
16,0,0,0
16.3,0,0,0
16.4,0,0,0
17.4,0,9,9
17.9,0,44,44
18.7,23,153,176
20.2,115,236,351
21.2,144,295,439
22.1,398,262,660
22.6,472,262,734
23.5,241,370,611
23.4,130,361,491
23.4,178,332,510
23.1,288,242,530
21.7,176,208,384
21.9,105,148,253
19.6,74,80,154
18,5,19,24
17.7,0,0,0
17.5,0,0,0
17.1,0,0,0
16.8,0,0,0
16.7,0,0,0
16.6,0,0,0
16.4,0,0,0
16.3,0,0,0
16.8,0,0,0
17.4,0,6,6
18.4,0,53,53
20.3,57,164,221
21.7,188,216,404
22.5,293,251,544
24.1,479,222,701
24.7,563,218,781
24.9,565,230,795
24.5,548,223,771
24.4,495,208,703
24.6,420,181,601
24.1,293,161,454
23.4,172,127,299
21.4,71,81,152
20.5,6,19,25
19.2,0,0,0
18.2,0,0,0
17.6,0,0,0
17.5,0,0,0
16.7,0,0,0
16.3,0,0,0
16.4,0,0,0
16.2,0,0,0
15.9,0,0,0
17.2,16,28,44
18.9,98,65,163
19.8,163,116,279
21.1,254,153,407
21.9,411,143,554
22.4,154,295,449
23,58,307,365
22.1,59,309,368
22.4,14,253,267
21.8,1,191,192
20.6,0,142,142
19.9,0,78,78
19.4,2,96,98
18.6,0,40,40
18.3,0,6,6
17.8,0,0,0
17.6,0,0,0
17.3,0,0,0
16.7,0,0,0
16.9,0,0,0
16.7,0,0,0
16.5,0,0,0
16.4,0,0,0
16.4,0,0,0
16.5,0,11,11
16.9,0,51,51
16.9,0,73,73
17.3,10,145,155
17.8,5,181,186
17.6,0,180,180
18.6,0,202,202
18.4,0,180,180
18.1,0,150,150
18.3,0,119,119
18,0,129,129
17.2,0,126,126
16.8,10,88,98
16.5,20,42,62
16.4,0,11,11
15.9,0,0,0
15,0,0,0
14.5,0,0,0
14.3,0,0,0
13,0,0,0
12.6,0,0,0
12.3,0,0,0
12.6,0,0,0
13.1,0,0,0
15.3,8,28,36
16.6,69,83,152
17.8,125,143,268
18.5,178,205,383
18.9,305,225,530
19.4,405,239,644
19.4,431,264,695
20.4,522,230,752
20,533,207,740
20.8,471,197,668
20.8,447,144,591
20.4,318,133,451
19.5,192,108,300
17.5,85,72,157
15.1,8,19,27
14.3,0,0,0
13.5,0,0,0
13.2,0,0,0
13.5,0,0,0
14,0,0,0
15.1,0,0,0
15.6,0,0,0
14.9,0,0,0
14.3,0,0,0
15.7,1,19,20
17.5,47,75,122
19.1,191,105,296
20.1,340,113,453
21,339,194,533
20.8,163,302,465
20.4,1,218,219
20.2,33,281,314
20.7,410,254,664
20.6,346,244,590
19.7,231,227,458
19.2,7,151,158
18.8,29,123,152
17.1,43,66,109
16,1,13,14
15.1,0,0,0
15,0,0,0
13.9,0,0,0
12.9,0,0,0
13.2,0,0,0
14.4,0,0,0
15,0,0,0
15.4,0,0,0
14.6,0,0,0
15.4,0,11,11
17.1,6,63,69
19.1,96,134,230
20.4,331,108,439
20.9,357,173,530
21.5,270,267,537
21.7,211,315,526
22.7,256,310,566
22.6,235,301,536
22.7,192,275,467
22.5,198,224,422
22.5,94,179,273
21.1,131,109,240
19.9,33,64,97
19.3,2,12,14
19.2,0,0,0
18.9,0,0,0
19.2,0,0,0
18.9,0,0,0
18.5,0,0,0
17.3,0,0,0
17.1,0,0,0
17.4,0,0,0
17.4,0,0,0
17.7,0,13,13
18.6,0,20,20
18.8,17,113,130
20,0,107,107
20.3,56,215,271
19.4,69,242,311
19.2,0,138,138
21.4,56,254,310
22.2,231,209,440
22.4,328,139,467
22.9,166,159,325
22.6,137,122,259
21.8,67,92,159
20.4,0,41,41
18.9,0,3,3
18.9,0,0,0
18.3,0,0,0
18.4,0,0,0
19.2,0,0,0
18.7,0,0,0
17.7,0,0,0
16.9,0,0,0
16.6,0,0,0
16.6,0,0,0
17.1,0,10,10
18,5,60,65
18.4,16,124,140
19,91,199,290
19.2,66,251,317
19.7,80,283,363
17.5,61,293,354
17,0,84,84
16.9,0,87,87
16.3,0,91,91
16.6,0,95,95
15.7,74,175,249
15.7,112,110,222
15,45,59,104
14.4,3,13,16
13.6,0,0,0
13.4,0,0,0
13.6,0,0,0
13.3,0,0,0
13.3,0,0,0
12.9,0,0,0
12.2,0,0,0
12.5,0,0,0
12.4,0,0,0
12.9,9,18,27
14.4,78,48,126
15.9,184,71,255
15.7,126,166,292
15.9,13,201,214
15.3,4,202,206
15.7,87,275,362
14.4,34,255,289
15.5,0,111,111
15,13,205,218
15.7,25,185,210
14.6,0,88,88
13.9,101,90,191
13.7,54,46,100
12.8,0,4,4
12,0,0,0
12.2,0,0,0
12.3,0,0,0
11.6,0,0,0
11.6,0,0,0
11.2,0,0,0
10.6,0,0,0
10.8,0,0,0
11.1,0,0,0
12.3,0,9,9
13.9,3,57,60
15.4,36,138,174
16.9,180,199,379
17.5,360,198,558
18.1,273,296,569
18.7,341,305,646
18.9,135,345,480
18.7,64,302,366
19.4,27,246,273
18.5,89,243,332
18,88,191,279
17.1,33,121,154
14.8,16,60,76
13.7,2,13,15
14,0,0,0
14,0,0,0
14,0,0,0
13.8,0,0,0
14,0,0,0
13.9,0,0,0
13.8,0,0,0
13.8,0,0,0
13.9,0,0,0
14.6,2,17,19
16.2,7,57,64
17,4,101,105
17.8,18,171,189
17.9,43,234,277
18.6,62,272,334
19.2,10,236,246
20.3,82,297,379
20.9,67,279,346
21.4,99,261,360
20.4,268,180,448
19.8,7,138,145
19.1,0,70,70
18.2,0,34,34
17.8,0,1,1
17.1,0,0,0
17.2,0,0,0
17.1,0,0,0
17.1,0,0,0
16.8,0,0,0
16.9,0,0,0
15.7,0,0,0
14.7,0,0,0
14.1,0,0,0
15.4,2,17,19
17.2,5,58,63
19,70,137,207
20.6,279,146,425
21.4,462,132,594
21.4,522,157,679
22,304,303,607
22.1,43,292,335
22.5,34,273,307
23.1,86,283,369
22.4,228,225,453
19.1,20,161,181
18.8,0,43,43
17,13,52,65
16.4,1,13,14
16.2,0,0,0
15.6,0,0,0
14.8,0,0,0
14.6,0,0,0
15.1,0,0,0
15.9,0,0,0
17,0,0,0
17.3,0,0,0
17.8,0,0,0
18,0,4,4
18.3,0,17,17
18.3,0,41,41
18.5,0,66,66
18.7,0,79,79
18.7,0,99,99
19.3,0,118,118
18.9,0,99,99
18.2,0,78,78
17.8,0,88,88
18.1,0,99,99
18.4,0,88,88
18.7,3,97,100
18.5,10,60,70
18.4,0,9,9
18.1,0,0,0
18.2,0,0,0
18.2,0,0,0
18.1,0,0,0
17.9,0,0,0
17.8,0,0,0
17.4,0,0,0
17.1,0,0,0
17.1,0,0,0
17.7,0,3,3
18,0,28,28
18.3,31,125,156
19.6,162,170,332
20,204,220,424
20.1,123,285,408
20,39,280,319
20.9,3,215,218
20.9,9,225,234
20.9,62,258,320
16.1,11,178,189
17.1,0,86,86
16.3,39,109,148
16.5,65,49,114
15.8,0,6,6
15.6,0,0,0
15.1,0,0,0
15.3,0,0,0
14.3,0,0,0
14.2,0,0,0
14.8,0,0,0
14.4,0,0,0
14.4,0,0,0
14.3,0,0,0
14.7,0,9,9
15.7,0,36,36
17.1,0,64,64
18.4,19,179,198
19.9,146,247,393
21.7,324,241,565
23.7,298,287,585
24,370,265,635
24.1,312,272,584
24.3,306,233,539
22.9,377,133,510
23.7,313,95,408
21.7,163,87,250
19.4,40,54,94
17.6,0,5,5
16.7,0,0,0
16.7,0,0,0
16,0,0,0
15.3,0,0,0
15,0,0,0
13.4,0,0,0
14,0,0,0
15.9,0,0,0
15.6,0,0,0
16.5,0,13,13
17.5,22,72,94
18.5,47,147,194
19.3,60,221,281
19.6,65,280,345
20.6,154,342,496
21.3,195,372,567
21.4,310,354,664
21.3,285,344,629
21.2,302,295,597
20.7,290,233,523
19.2,192,188,380
18.4,81,130,211
17.4,13,51,64
16.7,0,2,2
16.2,0,0,0
15.7,0,0,0
15.2,0,0,0
14.5,0,0,0
13.9,0,0,0
13.2,0,0,0
12.8,0,0,0
13,0,0,0
12.6,0,0,0
13.2,0,7,7
14.2,1,43,44
15.1,0,31,31
17.9,46,194,240
19.1,204,237,441
20.3,192,288,480
20.7,164,315,479
21,61,302,363
21,8,232,240
21,1,179,180
17.1,0,117,117
14.8,0,49,49
14.9,0,38,38
14.2,0,15,15
14.2,0,1,1
14,0,0,0
14.4,0,0,0
14.2,0,0,0
14.1,0,0,0
14.2,0,0,0
14.4,0,0,0
14.9,0,0,0
14.8,0,0,0
14.9,0,0,0
15.6,0,1,1
15.9,0,20,20
16.1,0,47,47
16.4,0,91,91
16.6,1,179,180
17.1,21,267,288
17.6,38,301,339
18.3,78,326,404
18.3,80,309,389
18.4,92,285,377
17.3,34,211,245
16.2,76,184,260
15.5,43,115,158
15.6,0,20,20
15.3,0,4,4
15.5,0,0,0
15.2,0,0,0
15,0,0,0
14.7,0,0,0
14.7,0,0,0
14.9,0,0,0
14.7,0,0,0
14.7,0,0,0
14.6,0,0,0
14.5,0,5,5
15.9,2,42,44
16.8,52,115,167
18.5,89,179,268
18.8,87,236,323
19,187,260,447
18.9,314,247,561
18.8,149,284,433
19.4,159,267,426
17.9,130,238,368
17.8,116,194,310
17.8,14,134,148
16.9,57,92,149
16.2,13,38,51
15.6,0,1,1
15.1,0,0,0
14.9,0,0,0
14.1,0,0,0
13.3,0,0,0
13.2,0,0,0
13.9,0,0,0
13.6,0,0,0
13.4,0,0,0
13,0,0,0
13.1,0,5,5
13.5,0,24,24
13.9,0,56,56
14,0,94,94
14.3,0,130,130
14.5,0,160,160
15,0,149,149
15,0,146,146
15.2,0,168,168
15,0,160,160
14.9,0,122,122
15.1,0,83,83
15.4,5,63,68
15.6,0,26,26
15.7,0,1,1
15.6,0,0,0
15.2,0,0,0
15.1,0,0,0
14.4,0,0,0
13.3,0,0,0
13,0,0,0
12.8,0,0,0
12.5,0,0,0
12.8,0,0,0
14.2,0,6,6
15.4,59,35,94
16.5,199,62,261
17.1,335,68,403
17.4,321,116,437
17,12,221,233
18.4,70,263,333
18.1,323,197,520
18.4,246,208,454
18.3,300,157,457
18.1,337,88,425
17,239,71,310
15.8,147,53,200
13.3,49,39,88
12.4,0,7,7
11.4,0,0,0
10.5,0,0,0
10.8,0,0,0
10.7,0,0,0
10.7,0,0,0
10.1,0,0,0
10.9,0,0,0
9.2,0,0,0
9.8,0,0,0
11.9,0,3,3
14.3,37,57,94
16.2,147,104,251
17.2,269,131,400
18.2,362,165,527
18.9,419,196,615
19.6,440,223,663
19.9,477,210,687
18.5,228,300,528
17.9,0,156,156
16.2,0,94,94
14.5,0,84,84
14.4,2,69,71
13.7,11,39,50
13.5,0,6,6
13.7,0,0,0
13.4,0,0,0
13.8,0,0,0
14,0,0,0
14,0,0,0
14.1,0,0,0
14.1,0,0,0
13.9,0,0,0
13.9,0,0,0
14.1,0,3,3
14.5,0,26,26
15,63,105,168
16.3,211,118,329
16.9,240,172,412
16.3,54,254,308
15.5,17,244,261
13.9,4,220,224
15.6,0,179,179
16,146,215,361
15.7,130,175,305
14.7,27,135,162
13.9,39,84,123
13,1,30,31
12.6,0,2,2
12.6,0,0,0
12.4,0,0,0
12.2,0,0,0
12.3,0,0,0
12,0,0,0
12,0,0,0
12.2,0,0,0
11.7,0,0,0
11.5,0,0,0
11.1,0,5,5
13.1,51,43,94
15,167,64,231
16.1,284,80,364
16.6,124,219,343
16.4,140,253,393
15.8,33,259,292
16.7,192,258,450
16.4,65,253,318
16.2,1,177,178
16.5,158,175,333
14.7,82,135,217
14.1,70,82,152
13.7,21,35,56
13.6,0,0,0
13.9,0,0,0
13.8,0,0,0
13.8,0,0,0
13.8,0,0,0
13.8,0,0,0
13.8,0,0,0
13.6,0,0,0
13.8,0,0,0
13.4,0,0,0
13.9,0,0,0
14,0,29,29
14.6,6,91,97
15.1,25,172,197
15.8,46,245,291
16.2,1,167,168
16.1,0,175,175
16.1,0,181,181
16.1,1,156,157
16.3,7,189,196
16.2,23,193,216
15.7,28,155,183
14.9,47,91,138
13.9,6,20,26
12.4,0,0,0
11.2,0,0,0
10.3,0,0,0
9.4,0,0,0
9.5,0,0,0
8.8,0,0,0
9.2,0,0,0
9.2,0,0,0
7.7,0,0,0
8,0,0,0
9.6,0,0,0
13,24,42,66
15.7,114,91,205
17.2,271,112,383
18.9,383,130,513
19.6,478,140,618
20.5,541,142,683
20.4,569,137,706
20.9,525,139,664
21.6,415,147,562
21.1,313,133,446
19.8,224,103,327
16.9,114,73,187
14.8,11,20,31
13.7,0,0,0
13.6,0,0,0
13.2,0,0,0
12.7,0,0,0
12.4,0,0,0
11.8,0,0,0
11.7,0,0,0
11.6,0,0,0
11.5,0,0,0
11,0,0,0
12.8,0,0,0
15.2,15,41,56
17.8,83,102,185
19.8,227,125,352
20.9,317,160,477
22.4,427,161,588
23,462,180,642
23.8,499,168,667
24.1,492,155,647
24.2,443,137,580
24.2,342,123,465
22.3,191,112,303
19.9,96,74,170
17.4,13,21,34
15.8,0,0,0
15.3,0,0,0
14.6,0,0,0
14.5,0,0,0
13.8,0,0,0
12.5,0,0,0
13.1,0,0,0
12.7,0,0,0
11.8,0,0,0
12,0,0,0
13.2,0,0,0
15.6,15,40,55
19.1,73,104,177
20.9,201,137,338
22.4,287,178,465
23.2,382,186,568
23.4,438,192,630
23.8,476,177,653
24.5,428,185,613
24.4,302,212,514
25.6,246,168,414
23.9,150,128,278
21,93,71,164
18.7,10,19,29
17.8,0,0,0
17.2,0,0,0
16.5,0,0,0
16.4,0,0,0
16,0,0,0
15.5,0,0,0
15.3,0,0,0
14.6,0,0,0
14.7,0,0,0
14.4,0,0,0
15.2,0,0,0
18.1,8,39,47
20,38,114,152
22,106,182,288
23.7,208,229,437
24.6,290,253,543
25.5,413,223,636
25.6,471,203,674
26.2,452,194,646
25.7,343,201,544
26.4,280,162,442
25.1,190,123,313
22.2,97,83,180
20.3,10,21,31
18.8,0,0,0
17.7,0,0,0
16.9,0,0,0
16,0,0,0
15.2,0,0,0
14.6,0,0,0
14.2,0,0,0
14.1,0,0,0
14,0,0,0
13.6,0,0,0
14,0,2,2
14.6,1,33,34
15.5,23,104,127
16.3,47,170,217
17,10,196,206
18.1,99,256,355
18.9,233,256,489
19.4,264,252,516
19.7,399,183,582
18,525,81,606
16.8,163,175,338
16.2,14,127,141
15.9,41,77,118
15.6,12,18,30
15.5,0,0,0
15.4,0,0,0
15.3,0,0,0
15.3,0,0,0
15.2,0,0,0
15.1,0,0,0
14.7,0,0,0
14.6,0,0,0
14.3,0,0,0
14.3,0,0,0
14.2,0,1,1
14.5,3,34,37
15.6,4,90,94
16.1,9,152,161
16.5,4,183,187
16.3,0,165,165
16.8,0,127,127
17.2,0,185,185
17.1,63,261,324
15.8,56,229,285
16.3,95,192,287
15.4,53,141,194
14.4,16,75,91
13.8,2,17,19
14,0,0,0
14.1,0,0,0
13.9,0,0,0
13.7,0,0,0
12.9,0,0,0
12.6,0,0,0
12.5,0,0,0
12.2,0,0,0
11.4,0,0,0
11.5,0,0,0
12.2,0,1,1
13.3,31,34,65
14.7,143,65,208
15.9,241,96,337
15.9,399,83,482
17.3,508,82,590
17.9,485,134,619
17.6,445,164,609
16.9,339,200,539
15.8,191,215,406
15.2,51,182,233
14.3,48,134,182
13.7,23,73,96
13.3,4,16,20
13.3,0,0,0
13.3,0,0,0
13.1,0,0,0
13.2,0,0,0
12.9,0,0,0
13,0,0,0
13.4,0,0,0
12.9,0,0,0
13,0,0,0
13.2,0,0,0
13.7,0,0,0
12.6,0,15,15
13,0,47,47
14.5,4,142,146
15.3,70,220,290
14.9,333,185,518
14.7,131,282,413
14.5,241,260,501
14.1,202,255,457
13.5,224,209,433
13.7,42,181,223
13.2,14,125,139
12.7,71,65,136
12.4,6,17,23
12.1,0,0,0
11.6,0,0,0
11.8,0,0,0
12.7,0,0,0
13.1,0,0,0
12.8,0,0,0
12.2,0,0,0
11,0,0,0
10.4,0,0,0
9.7,0,0,0
10.4,0,2,2
12.2,45,22,67
14.1,85,67,152
15,62,150,212
16.2,79,197,276
16.6,221,185,406
17.1,60,250,310
17.3,6,210,216
17.3,48,228,276
16.9,137,190,327
16.6,82,159,241
14.9,192,53,245
13.9,91,45,136
12.7,4,14,18
12,0,0,0
11.6,0,0,0
11.6,0,0,0
11.6,0,0,0
11,0,0,0
11.4,0,0,0
10.3,0,0,0
10.4,0,0,0
12.3,0,0,0
12.4,0,0,0
13.5,0,0,0
13.7,0,19,19
14.5,0,45,45
15.6,0,81,81
15.8,0,122,122
16.2,0,96,96
17.1,0,160,160
16.4,0,104,104
16.4,17,225,242
15.6,155,228,383
14.6,59,184,243
14,65,131,196
13.4,23,68,91
12.9,1,11,12
12.2,0,0,0
11.7,0,0,0
11.5,0,0,0
11.6,0,0,0
12,0,0,0
11.1,0,0,0
11.6,0,0,0
11.9,0,0,0
11.6,0,0,0
11.6,0,0,0
11.6,0,0,0
12.5,0,23,23
13,22,74,96
13.5,33,131,164
13.9,27,176,203
14.3,30,199,229
14.6,89,207,296
14.3,72,207,279
14.4,19,194,213
14.3,2,157,159
13.9,27,137,164
13.5,27,102,129
11.5,39,38,77
10.1,2,10,12
8.6,0,0,0
8.7,0,0,0
8.1,0,0,0
9,0,0,0
9,0,0,0
9.2,0,0,0
8.6,0,0,0
8.8,0,0,0
8.4,0,0,0
8.7,0,0,0
9.2,0,0,0
11.4,1,25,26
12.3,17,86,103
13.5,176,103,279
13.1,19,192,211
13.5,0,88,88
14.6,0,147,147
14.7,0,160,160
14.6,0,100,100
14.3,0,65,65
13.8,0,76,76
14,6,104,110
13.4,78,44,122
12.9,1,11,12
12.5,0,0,0
12.3,0,0,0
11.7,0,0,0
11.7,0,0,0
12.1,0,0,0
11.8,0,0,0
10.7,0,0,0
10.6,0,0,0
10.3,0,0,0
10.9,0,0,0
10.8,0,0,0
11.9,13,30,43
12.7,93,79,172
13.1,221,103,324
13.5,279,153,432
13.9,213,236,449
14.2,92,281,373
13.9,261,253,514
14.2,140,264,404
13.8,108,227,335
13.2,100,176,276
12.9,136,103,239
12.2,39,58,97
11.3,1,11,12
11.2,0,0,0
11.3,0,0,0
11.1,0,0,0
10.7,0,0,0
10.6,0,0,0
10.6,0,0,0
10.2,0,0,0
10.6,0,0,0
11.2,0,0,0
10.8,0,0,0
10.9,0,0,0
12.2,13,31,44
14.2,82,85,167
15.8,197,121,318
16.7,298,149,447
17.7,415,143,558
18.2,464,152,616
18.7,502,143,645
19,455,147,602
18.6,370,145,515
18.2,281,124,405
17,153,102,255
15.2,49,59,108
15.1,0,8,8
14.3,0,0,0
15.1,0,0,0
15.6,0,0,0
15.9,0,0,0
15.5,0,0,0
15.4,0,0,0
15,0,0,0
15.1,0,0,0
15.2,0,0,0
15.1,0,0,0
14.9,0,0,0
14.6,0,7,7
14.8,0,67,67
15,0,81,81
15.1,0,150,150
15.5,0,151,151
15,0,97,97
14.7,0,96,96
14.5,0,81,81
14,0,75,75
13.8,0,79,79
13.8,1,91,92
13.1,1,46,47
12.7,0,5,5
12.5,0,0,0
12.3,0,0,0
11.8,0,0,0
11.9,0,0,0
11.6,0,0,0
12,0,0,0
11.6,0,0,0
11.8,0,0,0
11.1,0,0,0
10.6,0,0,0
10,0,0,0
11.1,0,11,11
11.7,15,80,95
12.4,168,100,268
12.6,155,174,329
13.1,216,201,417
12.8,249,217,466
13,298,200,498
12.8,435,110,545
12.1,151,200,351
11.4,20,154,174
10.6,11,104,115
8.9,55,42,97
7.9,0,1,1
7.6,0,0,0
8,0,0,0
7.1,0,0,0
7.8,0,0,0
7,0,0,0
6.8,0,0,0
7.2,0,0,0
7.8,0,0,0
8.4,0,0,0
8,0,0,0
7.8,0,0,0
9.1,0,6,6
10.4,1,60,61
11.2,5,117,122
11.8,4,150,154
14,57,239,296
14.7,225,246,471
14.4,279,231,510
14.4,19,218,237
14.6,22,193,215
14.4,55,164,219
14.1,31,107,138
13.7,27,42,69
13.2,0,2,2
12.7,0,0,0
12.4,0,0,0
12.2,0,0,0
12.6,0,0,0
12.4,0,0,0
12.6,0,0,0
12.3,0,0,0
12.5,0,0,0
12.7,0,0,0
12.7,0,0,0
12.9,0,0,0
12.9,0,5,5
13.5,2,63,65
13.7,0,91,91
13.8,0,77,77
13.9,0,71,71
14.2,0,77,77
14.3,0,76,76
14.8,0,88,88
15,0,109,109
14.7,1,104,105
14.7,11,93,104
14.9,5,37,42
14.8,0,0,0
15,0,0,0
14.8,0,0,0
14.7,0,0,0
14.8,0,0,0
14.4,0,0,0
13.8,0,0,0
13.9,0,0,0
13.9,0,0,0
14,0,0,0
13.6,0,0,0
13.8,0,0,0
14.5,6,24,30
15,53,79,132
15.5,67,147,214
15.9,86,205,291
16.5,118,247,365
16,39,254,293
15.8,0,82,82
16,0,98,98
16.7,0,115,115
16.6,5,126,131
16.3,30,105,135
16.4,14,41,55
16.3,0,0,0
16.2,0,0,0
15.7,0,0,0
15.1,0,0,0
14.4,0,0,0
13.4,0,0,0
14.2,0,0,0
14.5,0,0,0
14.3,0,0,0
14.2,0,0,0
14.1,0,0,0
13.8,0,0,0
14.4,3,21,24
15.3,53,69,122
15.8,142,109,251
16.4,160,167,327
17.4,317,149,466
17.6,409,131,540
18.1,490,84,574
17.7,476,76,552
17.4,404,78,482
17.2,300,64,364
15.8,163,62,225
13,40,36,76
12.1,0,0,0
11,0,0,0
10.7,0,0,0
10.9,0,0,0
11.6,0,0,0
11,0,0,0
12.2,0,0,0
13.1,0,0,0
13.1,0,0,0
13.4,0,0,0
12.9,0,0,0
12.4,0,0,0
12.8,4,22,26
15.1,56,76,132
16.3,137,127,264
17.6,218,167,385
18.5,284,196,480
19.7,273,232,505
20.6,403,173,576
20.9,400,152,552
21,331,140,471
20.2,216,130,346
18.4,93,99,192
16.6,13,40,53
15.4,0,0,0
14.5,0,0,0
14.8,0,0,0
14.7,0,0,0
14.7,0,0,0
14.6,0,0,0
14.7,0,0,0
15.2,0,0,0
14.9,0,0,0
15.4,0,0,0
15.1,0,0,0
14.9,0,0,0
15.5,0,6,6
17.1,1,56,57
18.4,57,140,197
18.9,11,163,174
19.8,120,235,355
20.6,282,213,495
20.6,183,258,441
20.8,277,202,479
19.9,329,126,455
19.3,28,150,178
18.1,0,57,57
13.8,1,28,29
13.3,0,0,0
13.2,0,0,0
13.1,0,0,0
12,0,0,0
11.5,0,0,0
11.1,0,0,0
11.2,0,0,0
11.5,0,0,0
11.5,0,0,0
11.5,0,0,0
11.5,0,0,0
11.5,0,0,0
11.9,0,12,12
12.4,3,53,56
12.3,16,115,131
13.2,45,166,211
14.5,223,153,376
15.2,351,112,463
15,92,228,320
14.1,30,196,226
14.1,0,80,80
13.6,4,113,117
12.9,80,71,151
11.6,22,30,52
10.4,0,0,0
10.6,0,0,0
9.5,0,0,0
10,0,0,0
10.3,0,0,0
9.9,0,0,0
10.3,0,0,0
10.4,0,0,0
10.4,0,0,0
10.5,0,0,0
10,0,0,0
10.1,0,0,0
11.5,4,19,23
12.7,84,64,148
14.5,148,111,259
13.5,274,123,397
13.4,304,163,467
13.1,30,233,263
14,0,154,154
12.3,108,244,352
13.3,13,168,181
13.8,8,126,134
12.4,90,87,177
10.3,14,37,51
9.3,0,0,0
8.2,0,0,0
8.2,0,0,0
7.7,0,0,0
7.8,0,0,0
6.8,0,0,0
6.1,0,0,0
6.4,0,0,0
7,0,0,0
6.6,0,0,0
8.5,0,0,0
9.3,0,0,0
9.7,5,20,25
11.6,58,71,129
13.3,156,110,266
14,236,146,382
15,191,217,408
15.1,136,258,394
15.2,144,265,409
14.5,125,248,373
14.3,185,189,374
13.8,130,148,278
12.8,28,97,125
12.5,3,29,32
12.4,0,0,0
12.4,0,0,0
12.7,0,0,0
13,0,0,0
13.1,0,0,0
12.9,0,0,0
12.7,0,0,0
12.8,0,0,0
12.9,0,0,0
13.1,0,0,0
13,0,0,0
13,0,0,0
13.2,0,3,3
13.2,0,20,20
12.9,0,34,34
13.1,0,38,38
13,0,44,44
12.9,0,48,48
12.8,0,49,49
12.8,0,45,45
12.6,0,38,38
12.8,0,37,37
12.9,0,49,49
13,0,19,19
12.8,0,0,0
12.5,0,0,0
12.3,0,0,0
12.3,0,0,0
12.2,0,0,0
11.9,0,0,0
11.9,0,0,0
11.8,0,0,0
12.2,0,0,0
12.3,0,0,0
12.8,0,0,0
13.2,0,0,0
13.2,2,16,18
13.5,84,37,121
14.2,50,108,158
15.1,2,126,128
16.6,135,167,302
15.5,43,205,248
15.3,0,79,79
15.2,0,74,74
14.7,81,159,240
14,93,110,203
13.5,14,78,92
12.8,0,22,22
11.7,0,0,0
11.5,0,0,0
11.1,0,0,0
12.2,0,0,0
12.6,0,0,0
12.6,0,0,0
12.7,0,0,0
13,0,0,0
13,0,0,0
13.1,0,0,0
13.3,0,0,0
12.9,0,0,0
13,0,11,11
14,7,66,73
14.8,54,142,196
15.2,52,195,247
15.3,23,213,236
15.2,26,235,261
14.1,47,256,303
14.1,0,122,122
13.1,0,73,73
13.2,0,75,75
12.9,4,76,80
12.6,0,21,21
12.3,0,0,0
12.1,0,0,0
11.8,0,0,0
11.8,0,0,0
12,0,0,0
12.3,0,0,0
12.3,0,0,0
12.3,0,0,0
11.9,0,0,0
11.9,0,0,0
11.3,0,0,0
11.3,0,0,0
10.7,0,1,1
11.6,21,52,73
11.5,0,73,73
11.8,0,63,63
12.5,0,83,83
14,28,205,233
13.6,288,169,457
13.8,367,118,485
14.1,127,160,287
12.4,140,109,249
11.1,43,68,111
11.3,4,15,19
12,0,0,0
12.1,0,0,0
11.8,0,0,0
11.9,0,0,0
12.8,0,0,0
13.3,0,0,0
13.4,0,0,0
13.4,0,0,0
13.8,0,0,0
14.2,0,0,0
14.4,0,0,0
14.2,0,0,0
13.5,0,0,0
13.6,0,25,25
14.3,0,61,61
15.1,17,164,181
15.7,8,172,180
16.2,12,196,208
16.7,0,103,103
16.5,0,97,97
12.2,0,61,61
11.6,0,42,42
11,0,45,45
10.5,0,13,13
10.1,0,0,0
10.3,0,0,0
10.1,0,0,0
10,0,0,0
10.3,0,0,0
10.3,0,0,0
10,0,0,0
9.9,0,0,0
9.9,0,0,0
9.6,0,0,0
9.4,0,0,0
9.5,0,0,0
9.8,0,0,0
10.5,1,39,40
11.1,2,85,87
11.2,18,156,174
11.7,0,107,107
12.2,13,187,200
13,47,200,247
13.7,106,188,294
13.1,165,145,310
11.1,118,107,225
10.6,25,65,90
9.8,0,4,4
9.7,0,0,0
9.2,0,0,0
9.1,0,0,0
8.6,0,0,0
8.7,0,0,0
9.6,0,0,0
9.3,0,0,0
9.6,0,0,0
9.5,0,0,0
9.4,0,0,0
9,0,0,0
8.8,0,0,0
9.3,0,0,0
10.4,19,51,70
11.1,68,111,179
12.6,68,169,237
13.2,76,201,277
14.1,395,107,502
13.1,243,182,425
12.6,16,165,181
12.5,0,66,66
12.9,99,112,211
11.8,73,63,136
11.1,11,15,26
10.8,0,0,0
9.8,0,0,0
9.6,0,0,0
9.7,0,0,0
9.5,0,0,0
9.5,0,0,0
9.2,0,0,0
9.4,0,0,0
9.1,0,0,0
9.9,0,0,0
9.7,0,0,0
9.6,0,0,0
10.5,0,1,1
11.7,6,47,53
11.9,0,73,73
12.4,0,55,55
12.4,0,108,108
14.4,31,204,235
14.3,303,150,453
14,406,84,490
13.9,158,145,303
12.9,90,110,200
11.2,64,62,126
10.3,9,14,23
9.5,0,0,0
8.3,0,0,0
7.6,0,0,0
7.3,0,0,0
7.4,0,0,0
7.4,0,0,0
7.1,0,0,0
7.1,0,0,0
6.5,0,0,0
6.7,0,0,0
6.2,0,0,0
6,0,0,0
7.6,0,0,0
9.2,9,50,59
12.5,96,101,197
13.3,74,168,242
14,58,201,259
14.3,163,209,372
14.2,89,209,298
14.1,134,190,324
13.6,155,152,307
13,192,89,281
10.9,56,66,122
9.5,6,15,21
8.1,0,0,0
7.4,0,0,0
6.6,0,0,0
6.2,0,0,0
5.3,0,0,0
7.4,0,0,0
5.2,0,0,0
4.8,0,0,0
6.8,0,0,0
5.4,0,0,0
4.4,0,0,0
6.2,0,0,0
8.3,0,0,0
9.9,3,44,47
11.6,20,108,128
12,95,156,251
11.9,8,164,172
12.3,0,91,91
13.1,0,78,78
13,68,183,251
12.9,79,153,232
11.7,52,109,161
11.3,29,61,90
11,0,12,12
11.3,0,0,0
10.8,0,0,0
10.6,0,0,0
10.4,0,0,0
10.6,0,0,0
11.1,0,0,0
11.2,0,0,0
11.2,0,0,0
11.3,0,0,0
11.3,0,0,0
11,0,0,0
11,0,0,0
11.6,0,0,0
11.7,0,26,26
12.5,2,78,80
12.3,11,131,142
12.5,6,146,152
12.4,0,105,105
12.2,0,54,54
12.4,0,48,48
12.5,0,44,44
12.5,0,41,41
12.1,2,43,45
11.6,0,7,7
11,0,0,0
10,0,0,0
10,0,0,0
9.8,0,0,0
10.2,0,0,0
10.4,0,0,0
10.4,0,0,0
10.8,0,0,0
11.7,0,0,0
12,0,0,0
12.5,0,0,0
13.2,0,0,0
13.7,0,0,0
13.8,0,19,19
13.5,0,49,49
13.9,0,83,83
14.2,9,161,170
14.3,58,204,262
14.2,199,166,365
13.6,158,162,320
12.7,132,135,267
12.3,75,100,175
11.1,22,56,78
10.8,0,8,8
10.4,0,0,0
10.4,0,0,0
10.9,0,0,0
11.2,0,0,0
11.1,0,0,0
10.9,0,0,0
10.8,0,0,0
10.9,0,0,0
11.3,0,0,0
11.2,0,0,0
11.6,0,0,0
13.1,0,0,0
13.8,0,0,0
14.3,1,39,40
14.8,0,43,43
15.2,0,94,94
16.1,11,193,204
15.9,17,223,240
15.9,0,91,91
15.9,0,62,62
15.8,0,113,113
15.3,0,39,39
14.9,0,33,33
14.7,0,6,6
14.6,0,0,0
14.8,0,0,0
14.8,0,0,0
14.8,0,0,0
14.9,0,0,0
14.2,0,0,0
14,0,0,0
14.1,0,0,0
14.3,0,0,0
13.8,0,0,0
13.6,0,0,0
12.5,0,0,0
12.4,0,0,0
13.4,24,37,61
14.2,116,64,180
14.5,254,57,311
14.5,280,100,380
14.9,205,167,372
14.7,297,121,418
14,353,63,416
13.8,162,125,287
12.8,190,46,236
11.6,49,45,94
10.7,0,9,9
10.8,0,0,0
10.7,0,0,0
10.6,0,0,0
10.4,0,0,0
10.9,0,0,0
10.5,0,0,0
10,0,0,0
10.2,0,0,0
9.1,0,0,0
9,0,0,0
8.8,0,0,0
8.9,0,0,0
10.2,0,0,0
12,12,43,55
13.2,52,112,164
13.6,166,143,309
14.2,238,168,406
14.2,259,196,455
13.4,122,238,360
13.8,138,216,354
12.6,137,172,309
12.2,58,123,181
10.9,12,57,69
10.2,0,7,7
9.4,0,0,0
8.1,0,0,0
8.3,0,0,0
7.9,0,0,0
7.2,0,0,0
8.4,0,0,0
7.8,0,0,0
8,0,0,0
8.1,0,0,0
7.9,0,0,0
7.9,0,0,0
7.4,0,0,0
8.1,0,0,0
10.9,21,34,55
13.3,124,59,183
13.6,164,109,273
13.6,28,180,208
13.2,2,155,157
13,89,197,286
12.9,54,180,234
12.9,43,148,191
11.8,5,88,93
11,3,44,47
11.2,1,8,9
11.5,0,0,0
11.8,0,0,0
11,0,0,0
11.9,0,0,0
11.9,0,0,0
12,0,0,0
12.1,0,0,0
12.3,0,0,0
12.4,0,0,0
12,0,0,0
11.8,0,0,0
11.7,0,0,0
11.7,0,0,0
12.4,0,25,25
12.7,4,85,89
12.8,38,155,193
12.9,18,177,195
13,14,187,201
13.1,13,173,186
12.9,13,159,172
12.4,5,123,128
12.1,8,91,99
11.7,3,41,44
11.3,0,4,4
11.2,0,0,0
10.7,0,0,0
10.7,0,0,0
10,0,0,0
9.9,0,0,0
8.9,0,0,0
8.2,0,0,0
6.9,0,0,0
5.8,0,0,0
5.5,0,0,0
5,0,0,0
3.7,0,0,0
5.5,0,0,0
7.9,15,35,50
11.4,103,74,177
12,218,90,308
13,303,98,401
13.3,323,114,437
13.4,243,164,407
13.4,241,139,380
12.8,244,86,330
11.2,144,74,218
8.9,38,43,81
6.9,0,7,7
4.4,0,0,0
4.7,0,0,0
4.2,0,0,0
3.4,0,0,0
3.4,0,0,0
2.4,0,0,0
2.3,0,0,0
1.8,0,0,0
1.5,0,0,0
0.7,0,0,0
0.6,0,0,0
0.4,0,0,0
1.4,0,0,0
5.8,13,31,44
8.8,109,57,166
10.3,249,51,300
11,327,67,394
11.1,214,144,358
10.4,144,176,320
11,216,129,345
9.9,248,63,311
8.2,131,63,194
6,40,36,76
4.7,1,7,8
3.8,0,0,0
3.9,0,0,0
2.4,0,0,0
3.2,0,0,0
2.9,0,0,0
3.4,0,0,0
2.6,0,0,0
2,0,0,0
2.4,0,0,0
1.7,0,0,0
2.8,0,0,0
3.7,0,0,0
4.4,0,0,0
5.9,3,25,28
7.8,28,82,110
8.4,71,121,192
9.3,64,158,222
9.1,44,178,222
9.1,64,170,234
9.8,0,108,108
8.9,102,109,211
7.5,93,60,153
5.5,32,28,60
4,3,6,9
3.5,0,0,0
2.7,0,0,0
2.2,0,0,0
3.9,0,0,0
6.6,0,0,0
10.1,0,0,0
12.9,0,0,0
14.9,0,0,0
14.5,0,0,0
14.1,0,0,0
13,0,0,0
13,0,0,0
13.1,0,0,0
13.3,0,25,25
13.2,73,53,126
13.4,48,119,167
13.3,0,100,100
14,3,150,153
13.7,17,151,168
13.5,46,140,186
13.2,59,114,173
12.5,5,79,84
11.5,13,32,45
10.9,0,3,3
11.7,0,0,0
11.3,0,0,0
11.3,0,0,0
12,0,0,0
11.4,0,0,0
11.6,0,0,0
11.5,0,0,0
11.7,0,0,0
11.4,0,0,0
11.6,0,0,0
11.7,0,0,0
11.5,0,0,0
11.4,0,0,0
12.2,0,24,24
12.2,15,91,106
12.8,7,126,133
13.3,0,117,117
13.9,0,80,80
13.9,0,122,122
14,4,136,140
13.7,0,54,54
13.6,0,32,32
13.6,0,12,12
13.6,0,0,0
13.6,0,0,0
13.7,0,0,0
13.7,0,0,0
13.3,0,0,0
13.2,0,0,0
12.7,0,0,0
12.6,0,0,0
12.4,0,0,0
12.1,0,0,0
11.9,0,0,0
12.3,0,0,0
12.2,0,0,0
11.4,0,0,0
10.7,0,11,11
11.4,3,67,70
11.8,25,131,156
12.6,94,161,255
13,152,165,317
12.5,173,159,332
11.8,81,156,237
11.2,148,103,251
10.2,105,63,168
8.9,25,34,59
9,0,2,2
8.6,0,0,0
8.8,0,0,0
9.2,0,0,0
8.4,0,0,0
8.6,0,0,0
7.8,0,0,0
7.1,0,0,0
6.5,0,0,0
5.8,0,0,0
5.2,0,0,0
5.8,0,0,0
5.8,0,0,0
5.8,0,0,0
7.1,0,20,20
8.6,62,55,117
9.7,72,102,174
9.9,232,58,290
10.2,116,138,254
10.3,17,144,161
10.3,26,136,162
9.5,38,113,151
8.5,143,29,172
5.8,36,20,56
4.3,0,1,1
2.9,0,0,0
2.4,0,0,0
2.2,0,0,0
1,0,0,0
1,0,0,0
1.3,0,0,0
0.9,0,0,0
1.4,0,0,0
1.9,0,0,0
0.4,0,0,0
1.1,0,0,0
1.7,0,0,0
1.7,0,0,0
3.4,1,21,22
6.3,31,86,117
7.9,51,140,191
9.3,86,182,268
9.9,122,199,321
10.2,148,197,345
10.1,131,179,310
9.4,61,144,205
8.5,18,90,108
7.2,3,30,33
6.3,0,0,0
5.8,0,0,0
4.6,0,0,0
3.8,0,0,0
3.7,0,0,0
3.2,0,0,0
2.9,0,0,0
3.9,0,0,0
4.1,0,0,0
4.1,0,0,0
3.9,0,0,0
3.8,0,0,0
3.1,0,0,0
3,0,0,0
5,5,21,26
7,68,64,132
8.7,152,89,241
10.5,227,98,325
11.5,254,111,365
12.1,234,126,360
12.3,226,109,335
12,182,84,266
10,89,67,156
7.9,11,29,40
7.6,0,0,0
7.2,0,0,0
7.4,0,0,0
7.1,0,0,0
7.6,0,0,0
8,0,0,0
8.3,0,0,0
8.8,0,0,0
8.7,0,0,0
8.8,0,0,0
7.7,0,0,0
8.7,0,0,0
8.7,0,0,0
9,0,0,0
10.6,1,18,19
12.3,51,74,125
14.2,129,109,238
15.6,197,128,325
16.8,232,141,373
17.6,237,143,380
17.9,216,130,346
17,172,103,275
15,83,78,161
13.7,11,30,41
12.8,0,0,0
12.3,0,0,0
11.8,0,0,0
11.5,0,0,0
11.3,0,0,0
10.8,0,0,0
10.5,0,0,0
9.7,0,0,0
9.3,0,0,0
9,0,0,0
9,0,0,0
8.6,0,0,0
9.6,0,0,0
10.5,0,0,0
10.8,0,12,12
11.3,0,36,36
12.4,0,49,49
14,0,57,57
15.2,3,125,128
15.8,12,139,151
15.6,150,105,255
14.7,166,61,227
12.8,95,44,139
10.9,12,23,35
10.7,0,0,0
10.1,0,0,0
10,0,0,0
8.9,0,0,0
8.8,0,0,0
7.9,0,0,0
8,0,0,0
8,0,0,0
7.6,0,0,0
7.7,0,0,0
7.4,0,0,0
7.3,0,0,0
6.9,0,0,0
7.4,0,0,0
8.5,0,8,8
9.5,1,59,60
10.6,0,85,85
12.3,3,131,134
13.3,21,196,217
13.7,35,208,243
13.6,17,167,184
13.2,23,146,169
12.5,1,55,56
12.5,0,21,21
12.6,0,0,0
12.3,0,0,0
12.3,0,0,0
13,0,0,0
13.4,0,0,0
14,0,0,0
14.3,0,0,0
14.3,0,0,0
14.2,0,0,0
14.2,0,0,0
14.1,0,0,0
14,0,0,0
13.8,0,0,0
13.9,0,0,0
14.2,0,6,6
14.9,12,60,72
15.7,4,89,93
15.7,0,75,75
15.7,0,52,52
15.5,0,38,38
15,0,37,37
14.9,0,25,25
12.7,0,16,16
11.5,0,8,8
11.1,0,0,0
10.7,0,0,0
10.4,0,0,0
10.2,0,0,0
10,0,0,0
9.9,0,0,0
9.8,0,0,0
9.8,0,0,0
9.7,0,0,0
9.7,0,0,0
9.7,0,0,0
9.8,0,0,0
9.6,0,0,0
10,0,0,0
10.2,0,5,5
10.3,0,21,21
10.5,0,34,34
10.9,0,67,67
11.1,0,35,35
11.6,0,53,53
11.3,0,84,84
11.3,0,32,32
10.9,5,46,51
10.5,0,15,15
10.6,0,0,0
10.1,0,0,0
10.2,0,0,0
10.3,0,0,0
10.6,0,0,0
10.4,0,0,0
10.6,0,0,0
10.6,0,0,0
10.7,0,0,0
10.5,0,0,0
10.6,0,0,0
10.5,0,0,0
10.7,0,0,0
10.9,0,0,0
11.2,0,8,8
11.2,0,43,43
11.5,0,58,58
12.1,0,51,51
11.7,0,49,49
11.1,0,63,63
10.5,0,45,45
10.1,0,41,41
9.7,13,57,70
9.2,0,16,16
9.1,0,0,0
8.8,0,0,0
8.4,0,0,0
8.1,0,0,0
7.7,0,0,0
7.6,0,0,0
7.7,0,0,0
7.5,0,0,0
7.4,0,0,0
7.1,0,0,0
6.6,0,0,0
6.4,0,0,0
6.4,0,0,0
6.3,0,0,0
6.5,0,5,5
6.9,0,34,34
7.5,0,61,61
8.3,0,76,76
8.9,41,168,209
9.6,238,103,341
9.5,221,88,309
8.7,149,80,229
6.2,59,62,121
5.4,1,18,19
4.9,0,0,0
3.9,0,0,0
3.5,0,0,0
3,0,0,0
3.4,0,0,0
2.8,0,0,0
2.7,0,0,0
1.7,0,0,0
1.7,0,0,0
1.4,0,0,0
0.5,0,0,0
0.1,0,0,0
0.2,0,0,0
0.5,0,0,0
2.1,0,6,6
3.5,2,63,65
4.6,29,127,156
5.4,62,166,228
6.1,85,188,273
6.4,89,188,277
6.4,52,169,221
6.1,14,116,130
5.7,1,57,58
5.5,0,9,9
5.3,0,0,0
5,0,0,0
4.9,0,0,0
4.5,0,0,0
4.2,0,0,0
4.3,0,0,0
4.3,0,0,0
4.5,0,0,0
4.2,0,0,0
4.1,0,0,0
4.1,0,0,0
3.9,0,0,0
3.7,0,0,0
3.6,0,0,0
4,0,10,10
4.7,3,48,51
5.5,0,65,65
6.2,1,101,102
6.7,0,77,77
6.7,0,49,49
6.6,0,40,40
6.6,0,55,55
6.5,1,39,40
6.5,0,0,0
6.5,0,0,0
6.7,0,0,0
6.9,0,0,0
6.9,0,0,0
7.2,0,0,0
7.2,0,0,0
7.6,0,0,0
8.2,0,0,0
8.3,0,0,0
8.2,0,0,0
8.3,0,0,0
8.3,0,0,0
8.7,0,0,0
8.5,0,0,0
8.7,0,2,2
9.6,1,34,35
10.2,6,81,87
10.5,8,113,121
11.2,9,132,141
11.4,38,150,188
11.7,77,133,210
11.2,23,95,118
10.4,1,38,39
9.1,0,0,0
8.4,0,0,0
9.1,0,0,0
8.7,0,0,0
8.8,0,0,0
8.6,0,0,0
8.7,0,0,0
8.4,0,0,0
8.2,0,0,0
7.9,0,0,0
7.9,0,0,0
7.4,0,0,0
7.5,0,0,0
7.7,0,0,0
7.5,0,0,0
7.6,0,5,5
7.7,1,40,41
8.6,0,53,53
8.7,0,49,49
8.2,4,131,135
8.2,8,143,151
8.8,50,169,219
8.5,32,122,154
7.6,22,67,89
6.8,0,1,1
6.9,0,0,0
6.6,0,0,0
6.8,0,0,0
6.5,0,0,0
6.3,0,0,0
6,0,0,0
5.9,0,0,0
5.9,0,0,0
5.5,0,0,0
5.2,0,0,0
5.2,0,0,0
5.1,0,0,0
4.9,0,0,0
5,0,0,0
4.4,0,0,0
4.5,0,27,27
3.4,0,21,21
4.2,0,31,31
3.7,0,55,55
3.3,0,49,49
3.1,0,29,29
3.1,0,25,25
2.6,0,12,12
2.3,0,1,1
2.3,0,0,0
2.4,0,0,0
2.4,0,0,0
3,0,0,0
3.1,0,0,0
3.5,0,0,0
3.9,0,0,0
3.8,0,0,0
4,0,0,0
4.5,0,0,0
5,0,0,0
5,0,0,0
5.8,0,0,0
6,0,0,0
6.4,0,3,3
7.3,0,36,36
7.9,4,87,91
8.2,9,135,144
8.1,0,93,93
8,0,49,49
8.3,0,35,35
8.1,0,63,63
7.9,0,26,26
7.9,0,0,0
8.1,0,0,0
8,0,0,0
8,0,0,0
8.1,0,0,0
8.1,0,0,0
8.1,0,0,0
7.9,0,0,0
8,0,0,0
8,0,0,0
8,0,0,0
8,0,0,0
8,0,0,0
7.9,0,0,0
7.9,0,0,0
8.2,0,2,2
8.2,0,31,31
8.5,0,46,46
8.8,0,42,42
9.2,0,51,51
9.5,0,47,47
9.6,0,69,69
9.1,5,66,71
8.6,2,37,39
8.4,0,0,0
8.7,0,0,0
8.7,0,0,0
8.9,0,0,0
8.9,0,0,0
8.7,0,0,0
8.7,0,0,0
8.6,0,0,0
8.3,0,0,0
8.3,0,0,0
8,0,0,0
7.7,0,0,0
7.7,0,0,0
7.3,0,0,0
6.8,0,0,0
7.3,0,3,3
7.9,0,29,29
8.2,2,71,73
8.2,0,77,77
7.7,0,98,98
7.1,0,52,52
7,0,45,45
6.8,0,56,56
6.9,0,33,33
7.2,0,0,0
7.3,0,0,0
7.3,0,0,0
7.2,0,0,0
7,0,0,0
6.8,0,0,0
6.1,0,0,0
6.6,0,0,0
6.4,0,0,0
6.4,0,0,0
6,0,0,0
6.1,0,0,0
5.5,0,0,0
5.1,0,0,0
5.8,0,0,0
6.3,0,1,1
6.6,0,35,35
7.2,2,70,72
8,22,130,152
7.9,4,118,122
8,8,130,138
8,49,139,188
7.9,2,73,75
7.2,0,8,8
6.7,0,0,0
6.3,0,0,0
6.1,0,0,0
6.4,0,0,0
6.3,0,0,0
6.7,0,0,0
6.8,0,0,0
6.9,0,0,0
7.1,0,0,0
7,0,0,0
6.9,0,0,0
6.9,0,0,0
6.7,0,0,0
6.7,0,0,0
6.6,0,0,0
6.7,0,0,0
6.8,0,30,30
6.8,0,52,52
6.7,0,40,40
6.5,0,39,39
6.4,0,78,78
6.3,0,68,68
6.1,0,45,45
5.9,1,38,39
5.7,0,0,0
5.8,0,0,0
5.9,0,0,0
5.7,0,0,0
5.4,0,0,0
5.3,0,0,0
5.3,0,0,0
5.3,0,0,0
5.3,0,0,0
5.1,0,0,0
5.2,0,0,0
5.3,0,0,0
5.2,0,0,0
5.2,0,0,0
5.2,0,0,0
5.3,0,0,0
5.6,0,18,18
6,0,40,40
6.3,0,50,50
6.2,0,43,43
6.2,0,52,52
6.3,0,67,67
6.1,0,39,39
6,0,14,14
5.8,0,0,0
5.9,0,0,0
6,0,0,0
5.9,0,0,0
5.9,0,0,0
5.8,0,0,0
5.7,0,0,0
5.7,0,0,0
5.5,0,0,0
5.5,0,0,0
5.4,0,0,0
5.3,0,0,0
5.2,0,0,0
5.2,0,0,0
5.1,0,0,0
5.3,0,1,1
5.4,0,6,6
5.7,0,21,21
6.2,0,30,30
6.4,0,52,52
6.7,0,54,54
6.9,0,53,53
6.8,0,38,38
6.4,0,16,16
6.2,0,0,0
6.3,0,0,0
6.2,0,0,0
6.2,0,0,0
6.2,0,0,0
6.3,0,0,0
6.4,0,0,0
6.6,0,0,0
6.7,0,0,0
7,0,0,0
7.3,0,0,0
7.7,0,0,0
8.3,0,0,0
8.8,0,0,0
8.8,0,0,0
8.9,0,0,0
9.2,0,4,4
9.8,0,46,46
9.8,0,63,63
10.1,0,47,47
10,0,38,38
9.8,0,82,82
9.5,2,71,73
8.2,0,30,30
7.2,0,2,2
6.2,0,0,0
5,0,0,0
4,0,0,0
3.1,0,0,0
2.3,0,0,0
1.2,0,0,0
1.2,0,0,0
1.2,0,0,0
1.2,0,0,0
1.1,0,0,0
0.2,0,0,0
0.5,0,0,0
0,0,0,0
-1.1,0,0,0
1.3,0,0,0
3.1,0,19,19
5,3,69,72
5.5,25,115,140
6.4,98,138,236
6.5,135,128,263
5.7,28,122,150
4.5,33,89,122
2.7,18,43,61
2.1,0,7,7
2.3,0,0,0
1.8,0,0,0
1.8,0,0,0
1.2,0,0,0
1.4,0,0,0
0.9,0,0,0
-0.4,0,0,0
-0.4,0,0,0
-1.2,0,0,0
-0.2,0,0,0
-0.9,0,0,0
-0.9,0,0,0
-1,0,0,0
-1,0,0,0
-0.2,0,0,0
1.3,4,32,36
2.9,63,77,140
4.9,97,108,205
5.9,138,118,256
5.8,183,103,286
5.5,153,93,246
4.2,94,75,169
1.6,22,42,64
0,0,6,6
-0.7,0,0,0
-1.9,0,0,0
-2.1,0,0,0
-2.6,0,0,0
-2.9,0,0,0
-3.3,0,0,0
-3.8,0,0,0
-4.2,0,0,0
-3.2,0,0,0
-2.9,0,0,0
-2.4,0,0,0
-1.5,0,0,0
-0.3,0,0,0
0.5,0,0,0
1.6,0,0,0
2.7,5,31,36
4.5,78,64,142
5.1,91,99,190
5.6,38,128,166
6.7,22,124,146
6.8,0,69,69
6.9,0,29,29
6.9,0,15,15
8.3,0,0,0
8,0,0,0
8.8,0,0,0
8.7,0,0,0
8.4,0,0,0
8.2,0,0,0
8.2,0,0,0
7.9,0,0,0
7,0,0,0
6.7,0,0,0
6.2,0,0,0
5.6,0,0,0
5.6,0,0,0
5.3,0,0,0
5.1,0,0,0
5.7,0,0,0
6.8,1,26,27
7.9,44,74,118
9.1,60,111,171
8.8,72,129,201
9.2,146,106,252
8.8,120,96,216
6.8,71,74,145
5,17,39,56
4.5,0,6,6
3.8,0,0,0
5.3,0,0,0
5.7,0,0,0
5.7,0,0,0
6.5,0,0,0
6.5,0,0,0
6.8,0,0,0
6.9,0,0,0
6.9,0,0,0
7,0,0,0
7,0,0,0
6.5,0,0,0
7.1,0,0,0
7.3,0,0,0
7.7,0,0,0
8.3,0,14,14
8.9,0,56,56
9.2,0,65,65
9.7,0,92,92
10.2,0,90,90
9.8,18,125,143
9.3,6,82,88
8.7,0,21,21
8.2,0,2,2
7.9,0,0,0
6.6,0,0,0
6.6,0,0,0
7.3,0,0,0
7.3,0,0,0
7.8,0,0,0
7.7,0,0,0
8,0,0,0
8.2,0,0,0
7.9,0,0,0
7.6,0,0,0
5.1,0,0,0
4.8,0,0,0
4.8,0,0,0
4.5,0,0,0
6,2,27,29
7.7,17,81,98
8.8,15,110,125
8.9,8,117,125
8.7,7,115,122
8.3,8,106,114
8.2,26,92,118
7.5,4,35,39
7.4,0,1,1
6.4,0,0,0
6.2,0,0,0
5.3,0,0,0
5.2,0,0,0
5.3,0,0,0
5.2,0,0,0
6.5,0,0,0
7.1,0,0,0
6.9,0,0,0
7.3,0,0,0
7.4,0,0,0
7.6,0,0,0
7.8,0,0,0
7.6,0,0,0
7.5,0,0,0
8.2,0,11,11
8.6,3,54,57
9.7,9,85,94
9.2,121,83,204
8.5,107,93,200
8.2,64,89,153
7.1,47,62,109
5.5,20,28,48
3.6,0,2,2
3,0,0,0
2.2,0,0,0
1.1,0,0,0
-0.4,0,0,0
-0.5,0,0,0
-1.3,0,0,0
-1.5,0,0,0
-2,0,0,0
-1.4,0,0,0
-2.7,0,0,0
-2.2,0,0,0
-3.4,0,0,0
-3.3,0,0,0
-1.7,0,0,0
-1.3,0,0,0
0.2,0,16,16
0.7,75,23,98
1.7,16,73,89
2.6,0,76,76
3.7,20,86,106
4,0,47,47
4.3,0,49,49
4.8,0,9,9
6.7,0,0,0
6.5,0,0,0
6.9,0,0,0
6.7,0,0,0
6.9,0,0,0
6.8,0,0,0
6.5,0,0,0
6.8,0,0,0
7,0,0,0
7.4,0,0,0
7.6,0,0,0
8.3,0,0,0
8.5,0,0,0
8.3,0,0,0
8.1,0,0,0
8.2,0,0,0
8.7,0,8,8
8.8,0,24,24
9.1,0,30,30
9,0,34,34
9.4,0,29,29
9.5,0,32,32
9.4,0,18,18
9.1,0,8,8
9.1,0,0,0
9.4,0,0,0
9.6,0,0,0
9.5,0,0,0
9.6,0,0,0
9.7,0,0,0
9.3,0,0,0
8.9,0,0,0
8.2,0,0,0
8.2,0,0,0
7.9,0,0,0
7.5,0,0,0
7.3,0,0,0
6.7,0,0,0
6.9,0,0,0
7,0,0,0
6,0,13,13
6.4,9,73,82
5.6,33,126,159
5.1,20,137,157
4.2,0,87,87
2.6,2,93,95
1.4,3,70,73
1.5,0,25,25
1.3,0,1,1
1.3,0,0,0
1,0,0,0
1.7,0,0,0
1.1,0,0,0
1.6,0,0,0
1.2,0,0,0
1.2,0,0,0
1.3,0,0,0
0.3,0,0,0
0.2,0,0,0
0.2,0,0,0
-0.5,0,0,0
-1,0,0,0
-0.7,0,0,0
-0.5,0,0,0
1.1,0,14,14
2.9,41,57,98
4.1,77,85,162
5,117,93,210
4.8,172,72,244
4.1,130,70,200
2.3,73,57,130
1.1,18,29,47
0.2,0,1,1
-0.3,0,0,0
-0.7,0,0,0
-0.9,0,0,0
-1.8,0,0,0
-0.3,0,0,0
-0.5,0,0,0
0.1,0,0,0
0.8,0,0,0
1,0,0,0
0.8,0,0,0
0.8,0,0,0
1.1,0,0,0
1.5,0,0,0
2.9,0,0,0
2.6,0,0,0
2.8,0,2,2
4.3,0,32,32
4.9,0,32,32
5.4,0,40,40
5.9,0,58,58
5.4,0,54,54
5.3,0,30,30
5.3,0,12,12
5.5,0,0,0
5.3,0,0,0
5.4,0,0,0
5.6,0,0,0
5.4,0,0,0
5.3,0,0,0
5.2,0,0,0
5.3,0,0,0
5.5,0,0,0
5.5,0,0,0
5.7,0,0,0
5.7,0,0,0
5.7,0,0,0
5.7,0,0,0
5.7,0,0,0
6,0,0,0
6.1,0,3,3
6.6,0,34,34
6.9,0,35,35
7.2,0,51,51
7.6,0,52,52
7.9,0,34,34
7.8,0,29,29
7.8,0,6,6
8.1,0,0,0
8.2,0,0,0
8.4,0,0,0
8.6,0,0,0
8.8,0,0,0
8.9,0,0,0
9,0,0,0
9.2,0,0,0
9,0,0,0
8.1,0,0,0
7.6,0,0,0
7,0,0,0
6.8,0,0,0
6.8,0,0,0
6.2,0,0,0
6.6,0,0,0
6.8,0,6,6
7,2,50,52
7.5,24,93,117
8.8,117,100,217
8.6,118,101,219
7.5,101,88,189
5.5,47,67,114
3,6,27,33
2.6,0,0,0
1.8,0,0,0
1.2,0,0,0
1.5,0,0,0
0.8,0,0,0
-1.2,0,0,0
-0.2,0,0,0
-0.5,0,0,0
-1.5,0,0,0
-0.6,0,0,0
-1.1,0,0,0
-1.9,0,0,0
-2,0,0,0
-1.6,0,0,0
-2.1,0,0,0
-1.1,0,0,0
0.2,0,7,7
1.1,0,43,43
2.5,23,70,93
3.2,7,83,90
5.2,2,80,82
4.4,31,72,103
3.9,76,33,109
3.4,0,20,20
3.3,0,0,0
2.4,0,0,0
2.3,0,0,0
2.1,0,0,0
2,0,0,0
2.5,0,0,0
3,0,0,0
2.8,0,0,0
3.4,0,0,0
4.3,0,0,0
4.2,0,0,0
4,0,0,0
3.3,0,0,0
3.6,0,0,0
3.6,0,0,0
3.2,0,0,0
4.3,0,9,9
5,1,47,48
5.3,1,70,71
6.1,22,116,138
5.6,63,126,189
5.4,75,107,182
4.3,48,76,124
3.6,5,28,33
3.7,0,0,0
2.7,0,0,0
3.1,0,0,0
3,0,0,0
2.4,0,0,0
1.9,0,0,0
2.1,0,0,0
3.4,0,0,0
3.1,0,0,0
3.5,0,0,0
4,0,0,0
4,0,0,0
4.3,0,0,0
4.5,0,0,0
4.9,0,0,0
5.8,0,0,0
5.8,0,1,1
6.2,0,10,10
6.3,0,25,25
6.2,0,35,35
6.4,0,31,31
6.6,0,23,23
6.6,0,22,22
6.6,0,8,8
6.7,0,0,0
6.6,0,0,0
6.8,0,0,0
6.8,0,0,0
6.9,0,0,0
6.8,0,0,0
6.8,0,0,0
6.6,0,0,0
6.7,0,0,0
6.4,0,0,0
6.2,0,0,0
6.2,0,0,0
6,0,0,0
6,0,0,0
5.6,0,0,0
5.4,0,0,0
5.4,0,3,3
5.5,0,27,27
5.7,0,31,31
5.9,0,44,44
6,6,87,93
5.5,0,62,62
5.6,0,34,34
5.5,0,14,14
5.3,0,0,0
5.2,0,0,0
5.1,0,0,0
5.1,0,0,0
5.2,0,0,0
5.2,0,0,0
5.2,0,0,0
5.1,0,0,0
4.9,0,0,0
4.9,0,0,0
4.7,0,0,0
4.5,0,0,0
4.6,0,0,0
4.6,0,0,0
4.2,0,0,0
4.2,0,0,0
4.1,0,1,1
4.4,0,20,20
4.4,0,38,38
4.2,0,39,39
4.4,0,39,39
4.5,0,56,56
4.2,9,44,53
5.2,0,11,11
5,0,0,0
5.1,0,0,0
5.3,0,0,0
6.2,0,0,0
6.4,0,0,0
7.3,0,0,0
7.7,0,0,0
7.6,0,0,0
7,0,0,0
6.7,0,0,0
5.6,0,0,0
5.1,0,0,0
4,0,0,0
3.3,0,0,0
2.9,0,0,0
2.5,0,0,0
4.3,0,0,0
6.1,26,41,67
7.4,96,57,153
7.6,88,84,172
7.6,75,93,168
6.6,76,76,152
6.3,4,50,54
5.9,0,4,4
6.1,0,0,0
5.7,0,0,0
5.7,0,0,0
5.8,0,0,0
5.7,0,0,0
5.7,0,0,0
5.3,0,0,0
4.7,0,0,0
3.8,0,0,0
3.2,0,0,0
3,0,0,0
3.1,0,0,0
2.9,0,0,0
2.8,0,0,0
2.7,0,0,0
2.6,0,0,0
2.4,0,1,1
2.3,0,8,8
2,0,24,24
2.2,0,41,41
2.2,0,47,47
2.4,0,36,36
2.4,0,27,27
2.3,0,12,12
2.1,0,0,0
1.7,0,0,0
0.9,0,0,0
0.4,0,0,0
0.6,0,0,0
0.7,0,0,0
0.9,0,0,0
0.8,0,0,0
0.6,0,0,0
0.3,0,0,0
0.3,0,0,0
0.3,0,0,0
0.4,0,0,0
0.6,0,0,0
0.5,0,0,0
0.6,0,0,0
0.6,0,0,0
0.6,0,5,5
0.9,0,22,22
1.1,0,26,26
1.4,0,42,42
1.9,0,42,42
2.5,0,13,13
3,0,5,5
4,0,0,0
4.3,0,0,0
5.2,0,0,0
5.9,0,0,0
6.5,0,0,0
6.4,0,0,0
5.9,0,0,0
5.2,0,0,0
4.7,0,0,0
4.6,0,0,0
5.1,0,0,0
5.4,0,0,0
6.2,0,0,0
6.5,0,0,0
7,0,0,0
7.1,0,0,0
7.2,0,0,0
7.9,3,45,48
8.7,1,64,65
8.8,0,58,58
8.7,0,58,58
8.7,0,39,39
8.4,0,27,27
8.5,0,3,3
8.5,0,0,0
8.6,0,0,0
9,0,0,0
9.4,0,0,0
9.5,0,0,0
9.5,0,0,0
9.6,0,0,0
9.1,0,0,0
9.2,0,0,0
8.3,0,0,0
7,0,0,0
6,0,0,0
4.9,0,0,0
4.2,0,0,0
3.1,0,0,0
2.5,0,0,0
3,0,0,0
3.6,19,41,60
3.8,74,65,139
3.9,113,74,187
3.9,112,80,192
3.9,81,76,157
2.9,18,59,77
1,0,15,15
0.5,0,0,0
0.2,0,0,0
-0.2,0,0,0
-0.8,0,0,0
-1.3,0,0,0
-1.5,0,0,0
-2.2,0,0,0
-2.4,0,0,0
-3,0,0,0
-3.4,0,0,0
-4.3,0,0,0
-4.3,0,0,0
-5,0,0,0
-5.2,0,0,0
-6.1,0,0,0
-6.1,0,0,0
-3.6,0,0,0
-0.6,24,35,59
1.1,94,45,139
2.4,151,41,192
2.4,156,44,200
2.1,128,40,168
0.3,44,47,91
-1.1,2,18,20
-0.7,0,0,0
0.1,0,0,0
0.9,0,0,0
1.1,0,0,0
0.8,0,0,0
1.8,0,0,0
2.4,0,0,0
2.4,0,0,0
2.1,0,0,0
2.4,0,0,0
2.2,0,0,0
2.2,0,0,0
2.2,0,0,0
2.7,0,0,0
2.7,0,0,0
2,0,0,0
2.4,0,0,0
3.2,0,23,23
3.3,0,32,32
3.8,0,47,47
3.5,0,46,46
3.8,0,40,40
3.4,0,22,22
2.6,0,4,4
2.2,0,0,0
1.3,0,0,0
0.9,0,0,0
-0.3,0,0,0
-0.4,0,0,0
-1.3,0,0,0
-1.8,0,0,0
-1.5,0,0,0
-2.1,0,0,0
-2.5,0,0,0
-2.1,0,0,0
-2.6,0,0,0
-3.1,0,0,0
-3.4,0,0,0
-3.1,0,0,0
-3.6,0,0,0
-2,0,0,0
-0.8,18,34,52
0.1,84,43,127
1.3,141,39,180
2.2,145,43,188
2,131,32,163
-0.8,47,42,89
-1.9,14,15,29
-2.7,0,0,0
-3.1,0,0,0
-2.9,0,0,0
-2.8,0,0,0
-3.5,0,0,0
-3.1,0,0,0
-3.3,0,0,0
-2.8,0,0,0
-2.8,0,0,0
-2.8,0,0,0
-2.9,0,0,0
-2.4,0,0,0
-2.8,0,0,0
-2.7,0,0,0
-2.5,0,0,0
-2.1,0,0,0
-1.1,0,0,0
0.5,18,34,52
1.7,74,53,127
2.8,125,56,181
3.2,139,54,193
3.1,123,44,167
1.3,46,45,91
0.4,4,17,21
0.1,0,0,0
-2,0,0,0
-1.1,0,0,0
-0.9,0,0,0
-2.2,0,0,0
-2.4,0,0,0
-2.2,0,0,0
-0.7,0,0,0
-1.4,0,0,0
-1.7,0,0,0
-0.7,0,0,0
0.3,0,0,0
-0.1,0,0,0
-0.4,0,0,0
0.5,0,0,0
1.1,0,0,0
1.5,0,0,0
2.2,0,14,14
2.3,0,22,22
2.8,0,36,36
2.6,0,49,49
2.6,5,76,81
2.3,2,47,49
2.1,0,11,11
2.1,0,0,0
1.8,0,0,0
1.6,0,0,0
1.5,0,0,0
1.8,0,0,0
1.8,0,0,0
1.7,0,0,0
2.2,0,0,0
2.3,0,0,0
1.7,0,0,0
2.3,0,0,0
1.4,0,0,0
1,0,0,0
0.2,0,0,0
-1,0,0,0
-1,0,0,0
0.1,0,0,0
2.6,8,38,46
4.1,45,76,121
4,55,101,156
3.6,30,103,133
3.5,31,92,123
2.8,19,59,78
1.6,2,18,20
2.3,0,0,0
2,0,0,0
1.6,0,0,0
1.9,0,0,0
1.9,0,0,0
2,0,0,0
2,0,0,0
2.1,0,0,0
2.1,0,0,0
2.3,0,0,0
3.4,0,0,0
4.2,0,0,0
5.2,0,0,0
6.1,0,0,0
7.6,0,0,0
8.3,0,0,0
9.4,0,0,0
9.8,0,11,11
9.6,0,15,15
9.2,0,25,25
8.6,0,21,21
8.6,0,19,19
8.4,0,20,20
8.4,0,2,2
8,0,0,0
8.4,0,0,0
8.6,0,0,0
7.9,0,0,0
7.7,0,0,0
6.8,0,0,0
7.1,0,0,0
6.8,0,0,0
7.2,0,0,0
7.1,0,0,0
6.8,0,0,0
6.4,0,0,0
6.4,0,0,0
6.1,0,0,0
5.9,0,0,0
6.3,0,0,0
6.4,0,0,0
6.7,5,32,37
6.6,20,61,81
6.7,15,78,93
7.4,55,82,137
7,77,62,139
6.7,18,48,66
6.4,0,12,12
6,0,0,0
4.3,0,0,0
3.9,0,0,0
3.1,0,0,0
2.5,0,0,0
1.6,0,0,0
0.9,0,0,0
0.2,0,0,0
-0.5,0,0,0
-0.9,0,0,0
-1,0,0,0
-1.1,0,0,0
-1.2,0,0,0
-1.4,0,0,0
-1.5,0,0,0
-1.9,0,0,0
-2.4,0,0,0
-2.3,0,17,17
-2,0,22,22
-1.9,0,24,24
-1.6,0,36,36
-1.7,0,30,30
-1.7,0,19,19
-1.8,0,4,4
-1.8,0,0,0
-1.8,0,0,0
-1.4,0,0,0
-1.2,0,0,0
-1.1,0,0,0
-1.4,0,0,0
-2.1,0,0,0
-2.2,0,0,0
-2.3,0,0,0
-2.2,0,0,0
-2.5,0,0,0
-2.8,0,0,0
-3.4,0,0,0
-4,0,0,0
-4.9,0,0,0
-5.1,0,0,0
-3.3,0,0,0
-0.4,2,31,33
-0.7,45,61,106
0.3,72,75,147
0.7,81,75,156
0.4,43,70,113
0.7,1,36,37
0.4,0,2,2
0.7,0,0,0
0.8,0,0,0
1,0,0,0
1,0,0,0
1.2,0,0,0
1.3,0,0,0
1.8,0,0,0
2,0,0,0
2.5,0,0,0
3,0,0,0
3.3,0,0,0
3.7,0,0,0
4,0,0,0
4.2,0,0,0
4.1,0,0,0
3.9,0,0,0
3.7,0,0,0
3.8,0,12,12
4.2,0,27,27
4.2,0,18,18
4.2,0,20,20
4.6,0,16,16
5.2,0,10,10
6,0,1,1
5.7,0,0,0
5.3,0,0,0
4.3,0,0,0
4.1,0,0,0
3.8,0,0,0
3.6,0,0,0
3,0,0,0
3.4,0,0,0
3,0,0,0
2,0,0,0
1.5,0,0,0
1.6,0,0,0
0.7,0,0,0
0.7,0,0,0
1.1,0,0,0
0.7,0,0,0
1.2,0,0,0
1.9,0,17,17
2.5,21,58,79
2.8,10,73,83
1.8,10,74,84
1.7,0,26,26
0.8,9,42,51
0.9,5,16,21
-0.2,0,0,0
0.5,0,0,0
0.3,0,0,0
0.3,0,0,0
-0.3,0,0,0
0,0,0,0
0.2,0,0,0
-0.5,0,0,0
-0.4,0,0,0
-1,0,0,0
-1.8,0,0,0
-1.1,0,0,0
-0.4,0,0,0
-1.5,0,0,0
-1.1,0,0,0
-0.9,0,0,0
-1.1,0,0,0
-0.3,0,23,23
0.5,11,57,68
0.9,0,50,50
0.7,0,29,29
0.8,0,49,49
0.7,38,37,75
0.8,5,16,21
0.6,0,0,0
0.9,0,0,0
-0.3,0,0,0
0.2,0,0,0
-0.9,0,0,0
-1.4,0,0,0
-3,0,0,0
-1.4,0,0,0
-1.2,0,0,0
-0.8,0,0,0
-0.7,0,0,0
-0.7,0,0,0
-0.9,0,0,0
0.6,0,0,0
0.1,0,0,0
0.7,0,0,0
1,0,0,0
1.6,0,25,25
2.1,47,44,91
2.6,8,69,77
2.6,44,69,113
1.8,63,47,110
0.9,63,23,86
-0.6,18,11,29
-0.9,0,0,0
-2.2,0,0,0
-3.4,0,0,0
-2.9,0,0,0
-2.3,0,0,0
-4.9,0,0,0
-6.1,0,0,0
-6.6,0,0,0
-7.2,0,0,0
-7.3,0,0,0
-7.3,0,0,0
-7.7,0,0,0
-6.3,0,0,0
-6.3,0,0,0
-8,0,0,0
-5.4,0,0,0
-5.8,0,0,0
-4.3,0,21,21
-4.4,14,56,70
-2.4,50,66,116
-2.3,0,54,54
-2.1,3,59,62
-1.3,49,34,83
-0.5,0,6,6
-0.6,0,0,0
-0.3,0,0,0
-0.1,0,0,0
-0.1,0,0,0
0,0,0,0
0,0,0,0
-0.1,0,0,0
0,0,0,0
-0.7,0,0,0
-1.2,0,0,0
-1.5,0,0,0
-2,0,0,0
-1.6,0,0,0
-1.9,0,0,0
-2.7,0,0,0
-3.1,0,0,0
-2.4,0,0,0
-1.4,0,25,25
-0.8,30,59,89
-0.8,49,74,123
-0.8,40,80,120
-1.3,40,68,108
-1.3,15,47,62
-1.2,0,13,13
-1,0,0,0
-0.8,0,0,0
-0.6,0,0,0
-0.4,0,0,0
0.2,0,0,0
0.7,0,0,0
1,0,0,0
0.9,0,0,0
1.2,0,0,0
1.3,0,0,0
1.4,0,0,0
1,0,0,0
1.2,0,0,0
1.3,0,0,0
1.1,0,0,0
1.5,0,0,0
2.1,0,0,0
2.4,0,9,9
3,0,13,13
3.4,0,24,24
4.1,0,51,51
4.5,10,55,65
4.1,0,36,36
3.4,5,12,17
4.1,0,0,0
4.4,0,0,0
4,0,0,0
3.6,0,0,0
3.4,0,0,0
3.4,0,0,0
3.6,0,0,0
3.7,0,0,0
3.5,0,0,0
3.2,0,0,0
2.9,0,0,0
2.1,0,0,0
1.9,0,0,0
2,0,0,0
2.1,0,0,0
2.3,0,0,0
2.8,0,0,0
3.4,0,13,13
3.8,0,33,33
3.9,0,38,38
4.2,0,31,31
4.8,0,27,27
5.5,0,20,20
5.9,0,6,6
6.2,0,0,0
6.5,0,0,0
6.8,0,0,0
6.8,0,0,0
6.6,0,0,0
6.8,0,0,0
6.9,0,0,0
7.1,0,0,0
7.4,0,0,0
7.4,0,0,0
7.6,0,0,0
7.3,0,0,0
7.8,0,0,0
8.3,0,0,0
8.1,0,0,0
8.2,0,0,0
7.9,0,0,0
5.8,0,25,25
6.2,0,20,20
4.9,0,22,22
4.5,3,73,76
3.6,0,46,46
4.6,0,16,16
4.7,0,2,2
4.4,0,0,0
3.5,0,0,0
3.7,0,0,0
3.4,0,0,0
1.5,0,0,0
2.5,0,0,0
2.6,0,0,0
2.7,0,0,0
3.4,0,0,0
3.4,0,0,0
3.1,0,0,0
2.7,0,0,0
2.3,0,0,0
2.6,0,0,0
2.4,0,0,0
2.7,0,0,0
3.2,0,0,0
3.1,0,9,9
2.7,0,30,30
2.3,0,42,42
1.3,0,26,26
1.3,0,20,20
1.7,0,12,12
1.8,0,3,3
2.5,0,0,0
2.8,0,0,0
3,0,0,0
2.9,0,0,0
3.1,0,0,0
2.8,0,0,0
2.6,0,0,0
2.2,0,0,0
2,0,0,0
1.9,0,0,0
1.8,0,0,0
1.6,0,0,0
1.7,0,0,0
1.4,0,0,0
1.1,0,0,0
1.4,0,0,0
1.6,0,0,0
2.2,7,35,42
3,42,73,115
3.7,47,95,142
3.5,0,46,46
3.5,0,43,43
3.2,14,57,71
3.1,4,21,25
3,0,0,0
2.9,0,0,0
2.6,0,0,0
2,0,0,0
2.2,0,0,0
2.1,0,0,0
1.4,0,0,0
0.3,0,0,0
-0.3,0,0,0
0.1,0,0,0
-0.2,0,0,0
-0.5,0,0,0
-1,0,0,0
-1.1,0,0,0
-1.2,0,0,0
-2,0,0,0
-1.2,0,0,0
-0.9,1,28,29
-0.7,14,66,80
-0.8,50,89,139
0.6,64,94,158
0.5,77,78,155
0,48,56,104
-0.1,7,20,27
0.3,0,0,0
0.8,0,0,0
1,0,0,0
0.7,0,0,0
0.9,0,0,0
1.2,0,0,0
1.6,0,0,0
1.3,0,0,0
1.3,0,0,0
1.1,0,0,0
1.1,0,0,0
1,0,0,0
0.7,0,0,0
0.7,0,0,0
0.1,0,0,0
-0.3,0,0,0
-0.2,0,0,0
-0.4,0,4,4
0,0,36,36
0.2,0,39,39
-0.3,0,36,36
-0.3,0,20,20
-0.2,0,9,9
-0.8,0,2,2
-1.1,0,0,0
-1.3,0,0,0
-1.8,0,0,0
-1.9,0,0,0
-1.7,0,0,0
-1.3,0,0,0
-1.3,0,0,0
-1.3,0,0,0
-1.5,0,0,0
-1,0,0,0
-0.4,0,0,0
0,0,0,0
0.6,0,0,0
0.8,0,0,0
1.1,0,0,0
1.3,0,0,0
2,0,0,0
2.7,3,29,32
3.4,12,60,72
4.1,15,78,93
3.5,1,70,71
3.8,0,38,38
2.9,18,47,65
2.6,12,17,29
2.7,0,0,0
2.6,0,0,0
2.4,0,0,0
2.5,0,0,0
2.9,0,0,0
3,0,0,0
3.1,0,0,0
2.7,0,0,0
2.7,0,0,0
2.9,0,0,0
2.7,0,0,0
2.6,0,0,0
2.5,0,0,0
2.6,0,0,0
2.6,0,0,0
2.6,0,0,0
2.3,0,0,0
2.8,0,7,7
3.1,0,18,18
3.3,0,37,37
3.4,0,35,35
3.4,0,39,39
3.1,0,24,24
3,0,4,4
3,0,0,0
2.9,0,0,0
2.9,0,0,0
2.8,0,0,0
2.9,0,0,0
2.7,0,0,0
2.5,0,0,0
2.3,0,0,0
